0.6980 0.6542 0.5726 0.5659 0.5460 0.4897 0.4796 0.4701
0.6716 0.6934 0.6192 0.5823 0.5608 0.5069 0.5001 0.4924
0.6520 0.6632 0.6885 0.6283 0.5886 0.5321 0.5247 0.5149
0.6702 0.6735 0.6511 0.6899 0.6489 0.5690 0.5537 0.5424
0.6758 0.6678 0.6410 0.6616 0.7021 0.6234 0.5797 0.5667
0.6664 0.6695 0.6356 0.6567 0.6749 0.6863 0.6389 0.5981
0.6610 0.6608 0.6406 0.6541 0.6672 0.6367 0.6960 0.6476
0.6566 0.6568 0.6347 0.6561 0.6639 0.6283 0.6575 0.6960
0.6807 0.6475 0.6313 0.6453 0.6719 0.6268 0.6489 0.6689
0.6431 0.6828 0.6413 0.6384 0.6597 0.6398 0.6481 0.6637
0.6054 0.6426 0.7015 0.6296 0.6562 0.6337 0.6594 0.6613
0.5753 0.5972 0.6398 0.6878 0.6501 0.6328 0.6513 0.6643
0.5454 0.5624 0.5803 0.6264 0.6870 0.6321 0.6376 0.6415
0.5351 0.5499 0.5539 0.5813 0.6360 0.6928 0.6377 0.6440
0.5253 0.5506 0.5458 0.5756 0.5989 0.6345 0.6824 0.6494
0.5040 0.5191 0.5161 0.5444 0.5661 0.5755 0.6230 0.6825
