0.6756 0.6377 0.5605 0.5551 0.5334 0.4834 0.4730 0.4642
0.6467 0.6756 0.6091 0.5726 0.5471 0.5005 0.4939 0.4867
0.6403 0.6478 0.6666 0.6200 0.5772 0.5272 0.5169 0.5072
0.6623 0.6589 0.6343 0.6776 0.6394 0.5641 0.5454 0.5342
0.6664 0.6526 0.6248 0.6492 0.6862 0.6184 0.5736 0.5579
0.6568 0.6556 0.6229 0.6409 0.6601 0.6727 0.6307 0.5890
0.6511 0.6497 0.6283 0.6412 0.6543 0.6221 0.6816 0.6382
0.6450 0.6486 0.6264 0.6440 0.6535 0.6147 0.6445 0.6834
0.6654 0.6473 0.6251 0.6366 0.6609 0.6137 0.6393 0.6583
0.6308 0.6693 0.6382 0.6337 0.6509 0.6229 0.6417 0.6505
0.5933 0.6306 0.6819 0.6354 0.6492 0.6161 0.6508 0.6470
0.5630 0.5851 0.6258 0.6791 0.6467 0.6132 0.6408 0.6502
0.5328 0.5513 0.5672 0.6225 0.6738 0.6097 0.6280 0.6277
0.5230 0.5398 0.5416 0.5770 0.6303 0.6720 0.6312 0.6280
0.5125 0.5386 0.5320 0.5687 0.5902 0.6212 0.6669 0.6330
0.4926 0.5063 0.5019 0.5380 0.5584 0.5621 0.6134 0.6644
