17.0104 15.7917 9.7446 12.0088 12.2246 7.8000 9.9322 9.7985
16.8361 16.2881 10.6081 12.6912 12.6850 8.1958 10.3170 10.2002
16.8145 16.1077 11.4042 13.6471 13.2899 8.7217 10.7485 10.5916
16.9968 16.1774 11.0620 14.5819 14.1018 9.4145 11.2037 11.0052
17.0976 16.1674 11.1067 14.1815 14.6190 10.2685 11.6035 11.3609
17.0802 16.2985 11.2094 14.2352 14.4142 10.9422 12.0724 11.6948
17.0075 16.2044 11.2987 14.3263 14.3946 10.5866 12.3645 12.2029
16.9341 16.1465 11.4360 14.4924 14.3759 10.6952 12.2429 12.5140
17.4400 16.1800 11.4116 14.5661 14.6428 10.7927 12.1082 12.5931
17.1910 16.7619 11.6157 14.5864 14.5163 10.9463 12.0665 12.4493
16.4814 16.2911 11.8431 14.6251 14.4212 11.0182 12.0503 12.3846
15.8413 15.4996 11.2732 14.9710 14.3789 11.0904 11.9675 12.3417
15.3967 14.9216 10.4853 14.2865 14.4916 11.0989 11.7894 12.1638
15.1360 14.6380 10.0265 13.5379 13.9776 11.3334 11.7100 12.0850
14.9180 14.4589 9.8150 13.1105 13.3815 10.7146 11.8704 12.0282
14.7391 14.1939 9.6137 12.7566 12.8695 9.8432 11.3544 12.1440
