0.7687 0.6740 0.5702 0.5517 0.5296 0.4708 0.4669 0.4478
0.7005 0.7628 0.6044 0.5575 0.5331 0.4761 0.4761 0.4641
0.6882 0.7015 0.7254 0.6090 0.5613 0.4979 0.4961 0.4853
0.7103 0.7110 0.6572 0.7391 0.6317 0.5409 0.5324 0.5174
0.7114 0.7028 0.6394 0.6693 0.7404 0.5934 0.5599 0.5382
0.6968 0.7075 0.6318 0.6547 0.6703 0.7154 0.6162 0.5639
0.7014 0.6889 0.6352 0.6520 0.6570 0.6264 0.7335 0.6198
0.7025 0.6930 0.6264 0.6605 0.6562 0.6147 0.6602 0.7344
0.7676 0.6977 0.6303 0.6509 0.6757 0.6191 0.6522 0.6738
0.6706 0.7648 0.6453 0.6583 0.6654 0.6360 0.6572 0.6654
0.6294 0.6632 0.7272 0.6639 0.6779 0.6282 0.6729 0.6677
0.6005 0.6124 0.5995 0.7380 0.6903 0.6351 0.6645 0.6775
0.5699 0.5760 0.5327 0.6022 0.7365 0.6287 0.6594 0.6477
0.5570 0.5636 0.5111 0.5509 0.6204 0.7124 0.6669 0.6575
0.5470 0.5706 0.5169 0.5588 0.5886 0.6065 0.7284 0.6673
0.5232 0.5370 0.4824 0.5253 0.5594 0.5378 0.6155 0.7303
