17.0403 15.7377 9.6292 11.9198 12.1352 7.7181 9.8495 9.7250
17.0885 16.3247 10.5213 12.5765 12.5932 8.0974 10.2312 10.1230
17.0235 16.1955 11.4463 13.5281 13.1833 8.6080 10.6517 10.5121
17.1199 16.2732 11.1664 14.5524 14.0039 9.2894 11.0983 10.9245
17.1870 16.2553 11.2084 14.2965 14.5880 10.1633 11.4668 11.2705
17.1393 16.3893 11.2660 14.3360 14.4142 10.9433 11.9563 11.5870
17.0757 16.2905 11.3495 14.4231 14.3852 10.5810 12.3128 12.0917
17.0715 16.2362 11.4792 14.5646 14.3483 10.6870 12.1748 12.4670
17.4662 16.2667 11.4881 14.6349 14.6208 10.7935 12.0350 12.5637
17.1596 16.8015 11.6733 14.5743 14.4671 10.9964 11.9792 12.4187
16.4279 16.3173 11.9085 14.5273 14.3467 11.0793 11.9780 12.3540
15.7814 15.4745 11.2735 14.9425 14.2993 11.1720 11.8888 12.3109
15.3541 14.8765 10.4256 14.1962 14.4296 11.1981 11.7276 12.1178
15.1067 14.5859 9.9579 13.4211 13.8479 11.3775 11.6341 12.0358
14.8938 14.4166 9.7518 13.0199 13.2781 10.6653 11.7872 11.9737
14.7065 14.1552 9.5666 12.6767 12.7808 9.7549 11.2255 12.0829
