17.6993 15.9008 9.6041 11.8918 12.1190 7.7418 9.8295 9.6952
17.5686 17.0760 10.6012 12.5742 12.5541 8.0952 10.1730 10.0647
17.5166 16.9901 11.9284 13.7112 13.2169 8.5578 10.5588 10.4555
17.7214 17.0172 11.7145 15.4676 14.2257 9.2550 10.9937 10.8599
17.8379 17.0303 11.6861 15.1915 15.5504 10.2706 11.4201 11.2259
17.7106 17.2154 11.7202 15.1725 15.3595 11.5456 12.0685 11.5957
17.7162 17.0221 11.7989 15.2479 15.2399 10.9552 12.8688 12.2512
17.7049 17.0288 11.9175 15.4443 15.1903 11.0761 12.4834 13.1148
18.3558 17.0680 11.9047 15.5093 15.5581 11.2531 12.3691 13.0240
17.0835 17.7404 12.1037 15.5927 15.4604 11.5126 12.3890 12.8933
16.0789 16.2821 12.5293 15.7204 15.4473 11.5895 12.4723 12.8832
15.3978 15.2335 11.1845 16.1717 15.4510 11.6916 12.4174 12.9218
15.0948 14.5656 10.1920 14.2454 15.7298 11.7361 12.2974 12.7663
14.9336 14.3347 9.6758 13.2318 14.1679 11.9510 12.2448 12.6970
14.7553 14.2401 9.5500 12.7859 13.3721 10.6446 12.4776 12.6488
14.5621 14.0145 9.4141 12.5184 12.8080 9.6535 11.4481 12.8023
