32.3217 21.5653 10.6240 12.6224 13.0242 8.0089 10.9571 10.5235
27.6187 29.4762 11.4136 13.2315 13.3573 8.1736 11.3380 10.8686
27.1022 26.9464 12.3450 14.3129 13.9962 8.3845 11.7447 11.2736
26.6836 26.5930 12.2226 15.7370 15.2371 8.7947 12.2441 11.6709
27.0862 26.3876 12.2783 15.6278 16.9674 9.5325 12.9587 12.1971
26.3460 25.9304 12.2230 15.5910 16.7388 10.2837 14.0864 12.8455
25.3679 24.6135 12.2908 15.7117 16.8480 10.2667 15.5233 14.0327
25.2880 24.8495 12.3818 15.9369 17.1153 10.3938 15.2957 15.6425
35.3117 25.3109 12.6982 16.2783 17.6050 10.6991 15.4981 15.6098
22.2903 31.5530 12.9202 16.6542 17.7445 10.8331 15.2645 15.4900
17.9393 19.3492 14.1405 17.9964 19.0204 11.6567 16.2748 16.4816
16.3964 16.7046 12.5195 19.5393 19.9957 12.1144 16.7701 16.9627
15.6626 15.4398 11.3368 16.2771 22.1125 12.5407 17.1423 17.1281
15.0606 14.7358 10.5369 14.4715 17.4897 13.3298 17.4070 17.6039
14.4094 14.1471 10.1466 13.6634 15.4355 11.9167 18.2928 17.8947
13.8900 13.5326 9.7276 13.2782 14.4894 10.7327 15.3191 18.8968
