23.9334 21.0772 10.8032 12.8445 13.2673 8.0829 11.1126 10.6853
23.9594 23.0085 11.4159 13.4420 13.6799 8.3132 11.4725 11.0195
23.9181 22.6085 11.8984 14.3196 14.3268 8.5971 11.9246 11.4365
23.6733 22.6060 11.8348 14.9728 15.2832 8.9954 12.4785 11.8684
23.8334 22.6883 11.9258 15.0279 16.0318 9.5766 13.1913 12.4268
23.4900 22.7218 11.9073 15.0375 16.0043 9.9847 14.1288 13.0717
23.6003 22.2838 12.0243 15.1991 16.1900 10.0212 14.9011 14.0500
23.6755 22.1988 12.1299 15.5292 16.4997 10.1861 14.8854 14.9452
23.7242 22.2394 12.4344 15.8585 16.9945 10.5071 15.1818 15.0779
21.9406 23.0752 12.6336 16.1837 17.2191 10.7306 15.2185 15.1580
18.7735 19.9650 13.4234 17.1214 18.0875 11.4342 16.0864 15.9853
17.1701 17.3281 12.7941 17.7229 18.6136 11.8489 16.4133 16.4865
16.2595 15.9555 11.7942 16.5466 19.3315 12.2242 16.5677 16.5653
15.5183 15.0599 10.9593 15.1001 17.8844 12.6767 16.6972 16.8949
14.8056 14.3267 10.4310 14.1676 16.1711 12.0800 17.0071 17.1409
14.2108 13.6917 9.9060 13.5792 15.1046 11.1047 15.6065 17.3691
