31.7167 17.9464 8.9994 12.6546 13.5221 6.0130 14.0622 14.5604
28.6525 19.2527 9.0573 12.9481 13.7704 5.9623 14.1173 14.6824
27.0793 18.5237 9.0428 13.1669 13.9324 5.9208 14.1149 14.6956
26.0907 17.9740 8.8343 13.1846 14.1862 5.8574 14.2510 14.8155
27.2091 17.3653 8.7727 13.0333 14.8504 6.0461 14.6481 15.3399
27.1268 17.7484 8.6502 13.0104 14.5326 6.0805 15.2157 15.9382
27.4491 17.6064 8.6437 12.6902 14.2420 5.9771 15.4814 16.3806
28.5699 18.2550 8.8871 13.0653 14.4634 6.1794 15.4410 17.6702
30.4894 17.9880 8.7417 12.9505 14.4556 6.0697 15.2864 17.1264
27.9526 18.0164 8.5809 12.8659 14.2901 5.9052 15.0344 16.8488
27.0936 17.4347 8.6141 12.8460 14.2528 5.8867 15.0437 16.6697
26.4114 17.5309 8.5451 13.1548 14.4363 5.9141 15.1041 16.8429
25.8841 16.7513 8.2829 12.4787 14.2530 5.7027 14.9514 16.4515
25.8866 16.8814 8.2656 12.2798 13.8078 5.6840 14.8982 16.5554
26.7033 16.4518 8.1906 12.5967 13.9384 5.6836 15.0846 16.7431
27.6810 16.7408 8.2880 12.5989 13.9597 5.7020 15.1310 17.1180
29.1785 16.9975 8.1957 12.4738 13.7933 5.5860 14.9164 16.4927
26.1196 17.0078 8.1827 12.3526 13.6644 5.5361 14.8017 16.2563
23.1370 16.5203 8.3495 12.4312 13.7176 5.6031 14.7734 16.2934
21.0510 15.1148 8.1051 12.6250 13.8064 5.5409 14.6338 16.2419
19.9187 14.1889 8.0351 12.2786 14.0411 5.6162 14.6153 16.1828
19.4929 13.9246 8.0943 12.1707 14.0382 5.7720 15.0245 16.4735
18.9830 13.8642 8.1023 11.8486 13.6171 5.7340 15.2688 16.5053
18.4458 13.2387 7.9549 11.4602 13.2486 5.6074 14.8724 16.7249
