0.7351 0.6776 0.6107 0.6070 0.5835 0.5414 0.5217 0.5066
0.7344 0.7397 0.6697 0.6346 0.6160 0.5691 0.5454 0.5364
0.7414 0.7359 0.7489 0.6893 0.6412 0.5974 0.5704 0.5602
0.7477 0.7384 0.7278 0.7583 0.6973 0.6268 0.5913 0.5795
0.7535 0.7437 0.7315 0.7393 0.7649 0.6857 0.6197 0.6050
0.7464 0.7557 0.7312 0.7423 0.7505 0.7616 0.6851 0.6376
0.7511 0.7447 0.7371 0.7482 0.7469 0.7317 0.7509 0.6846
0.7402 0.7322 0.7249 0.7490 0.7476 0.7262 0.7233 0.7479
0.7416 0.7268 0.7233 0.7353 0.7473 0.7269 0.7195 0.7139
0.7012 0.7434 0.7301 0.7372 0.7333 0.7339 0.7227 0.7160
0.6587 0.6991 0.7660 0.7327 0.7346 0.7180 0.7284 0.7108
0.6355 0.6553 0.7035 0.7541 0.7319 0.7191 0.7127 0.7138
0.6277 0.6368 0.6525 0.7002 0.7578 0.7177 0.7199 0.7144
0.6193 0.6270 0.6341 0.6630 0.7044 0.7630 0.7143 0.7034
0.6055 0.6123 0.6193 0.6440 0.6630 0.6946 0.7449 0.6981
0.5882 0.5960 0.6038 0.6198 0.6301 0.6327 0.6447 0.7383
