36.4701 20.0121 11.3809 13.4117 13.6585 8.9467 10.8683 10.5590
27.7997 32.0164 12.9191 14.4296 14.2744 9.3793 11.4533 11.1375
27.2189 26.5914 15.2675 16.7017 15.3225 9.9025 12.0694 11.7479
27.1476 26.0164 14.7513 21.6126 17.8237 10.6942 12.7809 12.3767
27.7691 25.7650 14.6985 20.0653 24.6408 12.2047 13.6485 13.0253
26.3096 26.2292 14.7269 19.8272 22.1480 14.2579 15.2597 13.7950
26.9643 24.7819 14.8221 19.9240 21.7223 13.5719 17.8213 15.4226
27.0058 25.3726 14.8575 20.1841 21.6677 13.5440 16.6915 18.1948
30.8272 25.4652 14.7995 19.7905 22.0030 13.6184 16.3963 17.5232
19.7360 28.5649 14.9779 19.8972 21.3532 13.7940 16.3239 17.2172
16.8929 18.8826 15.5027 20.0082 21.5429 13.7453 16.3346 17.1094
15.6259 16.1716 12.8451 20.9005 21.6135 13.7970 16.0872 17.0577
15.1346 14.9581 11.3237 15.9778 22.9076 13.8394 16.0036 16.7241
14.8349 14.4895 10.4955 14.0424 16.6492 14.2591 15.9543 16.6438
14.4897 14.2383 10.1367 13.3455 14.5985 12.0700 16.2384 16.6650
14.1348 13.8678 9.8767 13.0308 13.7140 10.7014 13.7071 16.9675
