0.4919 0.3611 0.5359 0.5023 0.1153 0.2983 0.4607 0.5369
0.5022 0.3889 0.5494 0.5292 0.1208 0.3096 0.4967 0.5375
0.5299 0.4085 0.5693 0.5535 0.1224 0.3264 0.5253 0.5136
0.5328 0.4338 0.5891 0.5570 0.1332 0.3365 0.5257 0.5374
0.5471 0.4437 0.6296 0.5494 0.1679 0.3598 0.5354 0.5901
0.5631 0.4859 0.6575 0.5743 0.2078 0.3544 0.5296 0.6165
0.5878 0.5592 0.6699 0.6111 0.2138 0.3908 0.5710 0.5969
0.5732 0.6191 0.6761 0.6259 0.2257 0.3863 0.5642 0.5852
0.6146 0.6146 0.6704 0.5963 0.2206 0.3680 0.5229 0.5586
0.6003 0.6368 0.6479 0.5818 0.2214 0.3258 0.5286 0.5302
0.6298 0.6249 0.6475 0.5502 0.2000 0.3483 0.5346 0.4774
0.6056 0.6291 0.6076 0.5630 0.1548 0.3134 0.4807 0.4627
0.6085 0.5744 0.6371 0.4823 0.1553 0.2821 0.4329 0.4748
0.5753 0.5776 0.5966 0.4371 0.1486 0.2196 0.3557 0.4875
0.5749 0.5717 0.5552 0.4421 0.1506 0.2137 0.3640 0.4548
0.5249 0.5619 0.5330 0.4390 0.1541 0.2015 0.3401 0.4301
