8.8144 6.9434 10.1484 9.4980 1.6510 6.2160 7.7047 10.7802
8.9652 7.1513 10.2016 9.7937 1.6124 6.4678 8.1367 10.9758
9.0342 7.3253 10.2269 10.0817 1.5040 6.4877 8.5528 11.4568
9.2153 7.4328 10.4377 10.2025 2.3974 7.8280 9.2581 11.5545
9.3647 7.6445 10.4629 11.8350 5.1043 9.5377 10.4777 11.6222
9.5123 8.1792 10.9061 12.3322 6.4117 10.4031 10.8445 11.5971
9.5304 8.7985 11.1404 12.2576 7.2244 9.9671 10.5463 12.0815
9.9124 9.1056 11.2992 12.2318 7.1010 9.7397 10.5291 12.1903
10.0533 9.3495 11.1794 12.1978 6.8586 9.8459 10.6047 11.4692
10.1948 9.3977 11.2652 12.3692 7.0007 10.0421 10.4307 11.1741
10.2711 9.4814 11.5009 12.3810 6.9761 9.6098 10.1803 10.5686
10.1612 9.4749 11.5232 11.9241 6.3808 9.2027 9.4895 10.3732
10.1926 9.4342 11.0533 10.7663 3.6985 7.2414 8.2438 10.4183
10.2905 9.5935 10.8206 10.0576 2.2679 6.1947 7.6012 10.3147
10.2036 9.3450 10.3675 9.9508 2.2157 6.1168 7.5329 10.1413
9.5187 8.9506 10.1230 10.0314 2.0628 6.2134 7.5468 9.9899
