0.6053 0.5766 0.5020 0.4967 0.4826 0.4350 0.4350 0.4294
0.5681 0.5983 0.5339 0.5019 0.4861 0.4406 0.4462 0.4442
0.5600 0.5675 0.5795 0.5362 0.5085 0.4600 0.4633 0.4595
0.5867 0.5826 0.5522 0.5863 0.5611 0.4939 0.4896 0.4833
0.5879 0.5753 0.5438 0.5576 0.5949 0.5340 0.5102 0.4997
0.5786 0.5762 0.5421 0.5507 0.5735 0.5730 0.5516 0.5209
0.5727 0.5703 0.5448 0.5528 0.5675 0.5285 0.5877 0.5567
0.5661 0.5680 0.5431 0.5559 0.5667 0.5251 0.5542 0.5887
0.5922 0.5661 0.5406 0.5512 0.5773 0.5289 0.5497 0.5657
0.5704 0.5932 0.5502 0.5484 0.5702 0.5390 0.5541 0.5607
0.5452 0.5676 0.5900 0.5481 0.5663 0.5353 0.5628 0.5590
0.5212 0.5331 0.5466 0.5871 0.5613 0.5319 0.5550 0.5630
0.4946 0.5042 0.4950 0.5384 0.5817 0.5203 0.5368 0.5394
0.4890 0.4982 0.4783 0.5039 0.5493 0.5748 0.5396 0.5401
0.4842 0.5060 0.4816 0.5087 0.5248 0.5453 0.5745 0.5455
0.4683 0.4756 0.4535 0.4813 0.4997 0.4921 0.5376 0.5754
