14.6210 11.4986 18.1443 15.7133 4.6050 9.7185 13.7692 19.8006
14.9665 11.9334 18.4254 16.5367 4.4948 10.3458 14.8032 20.2900
15.2831 12.3432 18.7252 17.5864 4.3934 10.7830 15.4477 20.2469
15.7695 12.6939 19.5483 18.1337 5.6026 12.5673 16.7770 20.1859
16.2535 13.1354 20.3666 19.7685 9.2453 15.1483 19.0991 21.2820
16.7549 14.2604 20.9967 20.2743 12.4354 16.4730 19.6583 21.4265
16.9245 16.0468 21.2349 20.3397 12.8715 16.6068 19.1701 22.1686
16.9550 17.3651 21.4819 20.6141 12.4593 16.0817 18.8970 22.2256
17.3904 17.4491 21.3888 20.2600 12.2355 16.1466 18.7696 21.0129
17.3746 17.5075 21.1968 20.5068 12.9093 16.6362 19.3735 20.2903
17.3931 17.5474 21.5718 20.2317 12.6187 16.3591 18.8089 18.2264
17.1133 17.4836 21.2286 19.8863 11.7597 14.6286 16.4336 17.7951
17.2671 17.0898 21.0472 16.7217 7.7464 10.6925 13.5480 17.8983
17.4082 17.5181 19.8730 15.0862 5.7890 8.9422 12.2569 17.7268
16.9270 17.2853 18.3778 14.9057 5.6150 8.9571 12.2459 17.2049
15.4945 16.6108 17.6242 15.0426 5.2779 9.2024 12.4168 16.6614
