21.2211 17.8568 10.5689 12.7206 13.0549 8.2997 10.5113 10.2714
20.7124 20.5947 11.8840 13.5820 13.5883 8.7029 10.9919 10.7610
20.5057 20.1322 13.7442 15.2417 14.4468 9.2318 11.5171 11.2804
20.7266 20.0421 13.2796 18.1999 16.0233 10.0300 12.1387 11.8275
20.9275 20.0008 13.2177 17.3635 18.6041 11.3244 12.8390 12.3696
20.5649 20.2584 13.2292 17.2417 17.9628 13.0274 14.0034 12.9830
20.5817 19.8125 13.3020 17.2966 17.7160 12.1747 15.6862 14.1569
20.5462 19.8499 13.3862 17.5428 17.6013 12.2485 14.8984 15.9416
21.7701 19.8786 13.3385 17.4808 18.0773 12.4202 14.7293 15.5952
18.6482 21.0277 13.5557 17.5739 17.8488 12.6949 14.7372 15.4013
16.8851 17.7731 14.1411 17.7218 17.8609 12.7501 14.8543 15.3745
15.8789 16.0144 12.1558 18.4077 17.8662 12.8585 14.7395 15.4411
15.4717 15.0587 10.8544 15.2096 18.4035 12.9119 14.6275 15.2064
15.2461 14.7229 10.1778 13.7246 15.5325 13.1967 14.5773 15.1432
14.9934 14.5664 9.9437 13.1548 14.2414 11.4328 14.8859 15.1116
14.7298 14.2685 9.7591 12.8776 13.5009 10.1985 12.9883 15.3746
