0.9967 0.8164 0.7012 0.6833 0.6486 0.5763 0.5522 0.5269
0.9235 0.9944 0.7736 0.7201 0.6765 0.6068 0.5818 0.5578
0.9086 0.9169 0.9569 0.7983 0.7200 0.6405 0.6105 0.5881
0.8992 0.8990 0.8486 0.9845 0.8036 0.6844 0.6435 0.6189
0.9016 0.8880 0.8296 0.8923 0.9889 0.7642 0.6842 0.6501
0.8900 0.8925 0.8195 0.8735 0.8995 0.9631 0.7697 0.6914
0.9033 0.8804 0.8253 0.8638 0.8769 0.8495 0.9524 0.7758
0.9129 0.8975 0.8230 0.8695 0.8661 0.8278 0.8622 0.9552
0.9969 0.9074 0.8336 0.8552 0.8700 0.8192 0.8471 0.8724
0.8169 0.9949 0.8540 0.8707 0.8572 0.8233 0.8415 0.8611
0.7437 0.8137 0.9661 0.8838 0.8794 0.8137 0.8478 0.8538
0.7046 0.7408 0.7751 0.9875 0.8960 0.8260 0.8368 0.8541
0.6724 0.6992 0.6998 0.7924 0.9883 0.8397 0.8580 0.8405
0.6457 0.6711 0.6557 0.7138 0.7934 0.9689 0.8721 0.8563
0.6242 0.6515 0.6328 0.6880 0.7247 0.7666 0.9484 0.8736
0.5933 0.6225 0.5972 0.6532 0.6876 0.6948 0.7631 0.9529
