0.7586 0.7009 0.6094 0.6116 0.5800 0.5359 0.5093 0.4964
0.7691 0.7621 0.6799 0.6561 0.6182 0.5735 0.5434 0.5341
0.7709 0.7530 0.7478 0.7119 0.6516 0.5945 0.5663 0.5585
0.7681 0.7550 0.7274 0.7669 0.7079 0.6212 0.5875 0.5794
0.7731 0.7586 0.7174 0.7488 0.7618 0.6785 0.6196 0.6012
0.7654 0.7654 0.7114 0.7468 0.7386 0.7567 0.6870 0.6329
0.7706 0.7579 0.7169 0.7413 0.7381 0.7195 0.7446 0.6884
0.7687 0.7602 0.7107 0.7444 0.7405 0.7133 0.7215 0.7447
0.7620 0.7622 0.7170 0.7376 0.7458 0.7059 0.7179 0.7225
0.7214 0.7662 0.7208 0.7371 0.7400 0.7013 0.7049 0.7062
0.6640 0.7009 0.7564 0.7363 0.7445 0.7034 0.7204 0.7110
0.6329 0.6476 0.6836 0.7639 0.7484 0.7208 0.7107 0.7193
0.6154 0.6226 0.6305 0.7021 0.7678 0.7279 0.7122 0.7081
0.5907 0.6012 0.5961 0.6474 0.7063 0.7523 0.7198 0.7120
0.5668 0.5793 0.5721 0.6170 0.6485 0.6740 0.7382 0.7130
0.5475 0.5558 0.5473 0.5911 0.6105 0.6069 0.6581 0.7337
