0.5447 0.6233 0.6254 0.6201 0.6006 0.5760 0.5780 0.5839
0.5490 0.6337 0.6351 0.6272 0.6044 0.5768 0.5779 0.5834
0.5670 0.6475 0.6349 0.6371 0.6077 0.5777 0.5801 0.5855
0.5733 0.6615 0.6299 0.6427 0.6186 0.5829 0.5813 0.5926
0.5730 0.6675 0.6335 0.6417 0.6342 0.5919 0.5925 0.5941
0.5773 0.6670 0.6300 0.6473 0.6429 0.5987 0.6070 0.5989
0.5795 0.6689 0.6324 0.6490 0.6524 0.5910 0.6163 0.6105
0.5827 0.6854 0.6452 0.6662 0.6604 0.5955 0.6073 0.6302
0.5555 0.6815 0.6497 0.6712 0.6629 0.5964 0.6209 0.6371
0.5595 0.6522 0.6517 0.6738 0.6690 0.5985 0.6230 0.6447
0.5781 0.6564 0.6565 0.6689 0.6809 0.6009 0.6213 0.6461
0.5940 0.6708 0.6559 0.6584 0.6784 0.6056 0.6317 0.6472
0.6066 0.6757 0.6566 0.6609 0.6571 0.5994 0.6379 0.6473
0.6182 0.6817 0.6558 0.6700 0.6541 0.5969 0.6318 0.6509
0.6213 0.6857 0.6526 0.6768 0.6643 0.5939 0.6213 0.6531
0.6076 0.6906 0.6520 0.6777 0.6623 0.5970 0.6274 0.6341
0.5707 0.6858 0.6523 0.6796 0.6562 0.5919 0.6272 0.6281
0.5674 0.6622 0.6484 0.6819 0.6545 0.5893 0.6242 0.6335
0.5601 0.6498 0.6419 0.6753 0.6630 0.5905 0.6195 0.6355
0.5512 0.6325 0.6355 0.6652 0.6625 0.5917 0.6212 0.6385
0.5500 0.6266 0.6299 0.6536 0.6413 0.5963 0.6220 0.6381
0.5479 0.6243 0.6277 0.6480 0.6391 0.6005 0.6233 0.6460
0.5461 0.6217 0.6274 0.6425 0.6280 0.5970 0.6083 0.6404
0.5448 0.6179 0.6265 0.6401 0.6234 0.5925 0.5977 0.6238
