0.9651 0.8963 0.7353 0.8003 0.8037 0.6387 0.7510 0.7735
0.9302 0.9294 0.7506 0.8073 0.8067 0.6418 0.7528 0.7730
0.9143 0.8881 0.7643 0.8187 0.8110 0.6439 0.7583 0.7751
0.8989 0.8613 0.7214 0.8402 0.8214 0.6479 0.7637 0.7839
0.9049 0.8517 0.7050 0.7866 0.8547 0.6615 0.7655 0.7901
0.9036 0.8479 0.6902 0.7723 0.8094 0.6825 0.7904 0.7928
0.9157 0.8471 0.6832 0.7591 0.7976 0.6423 0.8410 0.8064
0.9233 0.8656 0.6887 0.7634 0.7900 0.6345 0.7905 0.8806
0.9628 0.8773 0.6961 0.7707 0.7918 0.6335 0.7857 0.8333
0.9269 0.9211 0.7109 0.7907 0.7980 0.6350 0.7850 0.8326
0.9129 0.8780 0.7499 0.8086 0.8058 0.6343 0.7762 0.8184
0.8989 0.8763 0.7228 0.8458 0.8217 0.6423 0.7775 0.8062
0.8942 0.8663 0.7098 0.8091 0.8469 0.6454 0.7932 0.8120
0.9037 0.8694 0.6992 0.7982 0.8100 0.6547 0.7884 0.8257
0.9155 0.8647 0.6966 0.7970 0.8076 0.6369 0.8160 0.8303
0.9315 0.8751 0.7014 0.7954 0.7962 0.6300 0.7895 0.8650
0.9598 0.8845 0.7086 0.7981 0.7880 0.6191 0.7803 0.8371
0.9246 0.9138 0.7218 0.8086 0.7882 0.6124 0.7606 0.8237
0.8983 0.8783 0.7316 0.8163 0.7959 0.6148 0.7546 0.8094
0.8859 0.8583 0.7116 0.8404 0.8128 0.6214 0.7557 0.7951
0.8784 0.8530 0.7060 0.8137 0.8489 0.6352 0.7489 0.7774
0.8734 0.8498 0.7050 0.8071 0.8316 0.6625 0.7748 0.8082
0.8686 0.8470 0.7042 0.8031 0.8153 0.6511 0.8200 0.8209
0.8657 0.8415 0.7007 0.7996 0.8109 0.6463 0.7650 0.8725
