22.1377 18.7893 11.7701 13.5491 13.7202 9.8609 10.3142 10.0643
21.7596 21.4997 13.1601 14.3090 14.3214 10.1428 10.7251 10.4277
21.8342 20.9180 14.6915 16.1527 15.2077 10.4943 11.2692 10.8649
22.0953 21.0009 14.3190 18.4796 17.0352 11.0997 11.8844 11.4042
22.2422 21.3782 14.4500 17.7626 19.3658 12.3768 12.6665 12.0504
21.6444 21.8131 14.6343 17.9507 19.2827 13.6752 14.0099 12.9260
21.6665 21.2074 14.8014 18.3389 19.0259 13.2853 15.2516 14.2786
21.5610 21.1893 14.6955 18.5103 18.9460 13.3230 14.6701 15.8883
21.6285 21.1364 14.8279 18.0197 18.9149 13.4944 14.6301 15.2928
19.7430 21.2022 15.0235 18.2328 18.4879 13.7541 14.8941 15.4680
17.6582 19.3418 15.3805 18.3626 18.7750 13.7056 15.0508 15.2334
16.4858 17.1409 13.9684 18.4588 19.0901 13.8391 14.8463 15.4557
16.0078 16.0138 12.5302 16.5622 19.4990 13.9494 15.0972 15.6945
15.6534 15.5237 11.7633 14.7541 17.3257 14.1703 15.3308 15.5723
15.3319 15.1454 11.4425 13.8331 15.6401 12.8478 15.7726 15.6130
14.8408 14.5925 11.2698 13.2318 14.2086 11.2531 13.3267 16.4050
