0.9970 0.8154 0.7065 0.6892 0.6594 0.5925 0.5757 0.5577
0.9292 0.9952 0.7787 0.7252 0.6888 0.6219 0.6023 0.5881
0.9225 0.9276 0.9656 0.7974 0.7203 0.6558 0.6276 0.6136
0.9194 0.9244 0.8803 0.9868 0.8020 0.6879 0.6522 0.6377
0.9222 0.9234 0.8743 0.9075 0.9873 0.7681 0.6884 0.6636
0.8939 0.9188 0.8679 0.8913 0.9040 0.9699 0.7618 0.6947
0.9120 0.8987 0.8624 0.8879 0.8961 0.8734 0.9473 0.7721
0.9327 0.9113 0.8437 0.8853 0.8961 0.8532 0.8678 0.9519
0.9975 0.9226 0.8540 0.8685 0.8893 0.8439 0.8617 0.8537
0.8224 0.9967 0.8779 0.8899 0.8720 0.8478 0.8597 0.8365
0.7635 0.8276 0.9718 0.9021 0.8928 0.8366 0.8564 0.8132
0.7356 0.7688 0.7995 0.9883 0.9071 0.8582 0.8388 0.8027
0.7186 0.7394 0.7391 0.8125 0.9881 0.8764 0.8620 0.8287
0.7057 0.7271 0.7149 0.7571 0.8174 0.9764 0.8770 0.8099
0.6951 0.7130 0.6986 0.7357 0.7634 0.7961 0.9476 0.8003
0.6713 0.6874 0.6789 0.7060 0.7213 0.7194 0.7394 0.9513
