0.7499 0.6977 0.6055 0.6030 0.5766 0.5212 0.4903 0.4807
0.7392 0.7562 0.6663 0.6365 0.6045 0.5537 0.5207 0.5094
0.7293 0.7360 0.7420 0.6926 0.6386 0.5833 0.5488 0.5356
0.7373 0.7387 0.7034 0.7515 0.7005 0.6163 0.5748 0.5615
0.7468 0.7370 0.6965 0.7336 0.7662 0.6814 0.6058 0.5909
0.7392 0.7422 0.6917 0.7300 0.7390 0.7544 0.6753 0.6299
0.7366 0.7348 0.6997 0.7238 0.7337 0.7115 0.7423 0.6882
0.7303 0.7324 0.6947 0.7249 0.7308 0.6999 0.7084 0.7434
0.7424 0.7216 0.6932 0.7133 0.7306 0.6893 0.7009 0.7163
0.6897 0.7483 0.7048 0.7095 0.7160 0.6979 0.6978 0.7109
0.6400 0.6935 0.7610 0.7021 0.7157 0.6879 0.7079 0.7092
0.6058 0.6391 0.6935 0.7571 0.7134 0.6864 0.6981 0.7104
0.5753 0.6030 0.6361 0.6930 0.7558 0.6968 0.6951 0.6951
0.5612 0.5849 0.6019 0.6398 0.6930 0.7531 0.6932 0.6947
0.5448 0.5725 0.5774 0.6142 0.6388 0.6716 0.7319 0.6973
0.5226 0.5447 0.5521 0.5860 0.6021 0.6158 0.6599 0.7265
