23.0060 19.6654 11.6583 13.4461 13.9600 9.0635 10.9962 10.7077
22.5329 22.4392 13.0160 14.5706 14.7552 9.5830 11.6762 11.3507
22.5819 22.1218 14.4290 16.5136 15.8972 10.2037 12.4050 11.9937
22.6387 22.1073 14.1337 18.8958 18.1493 11.0524 13.2309 12.7110
22.9877 22.0229 14.0980 18.6249 20.6575 12.3886 14.1064 13.4539
22.5585 22.1870 14.1015 18.5824 20.0132 13.5862 15.4411 14.2840
22.5121 21.5699 14.1861 18.5481 19.8030 13.2535 16.6310 15.6197
22.3864 21.3930 14.2145 18.6991 19.6498 13.2206 16.2361 16.8800
22.2963 21.2486 14.1736 18.3892 19.8575 13.1825 15.9813 16.8951
20.0411 21.9459 14.3649 18.0768 19.2506 13.3385 15.8350 16.5868
17.6695 19.3719 14.6312 17.8048 19.1030 13.2860 15.7816 16.4014
16.2973 16.8895 13.3340 18.6064 19.0319 13.3274 15.4716 16.2880
15.5312 15.6053 11.9342 16.5024 19.6344 13.3799 15.3261 15.8881
15.0688 14.9846 11.1275 14.6826 17.1773 13.6343 15.3004 15.8185
14.6536 14.5587 10.6069 13.8283 15.2891 12.3564 15.4766 15.8945
14.3234 14.1099 10.2190 13.3605 14.1607 10.9999 13.9152 16.0602
