0.7101 0.6648 0.5821 0.5814 0.5549 0.5080 0.4780 0.4689
0.7052 0.7191 0.6438 0.6130 0.5792 0.5386 0.5070 0.4960
0.7055 0.7073 0.7042 0.6705 0.6148 0.5696 0.5334 0.5196
0.7179 0.7126 0.6766 0.7254 0.6792 0.6025 0.5568 0.5440
0.7256 0.7100 0.6700 0.7155 0.7359 0.6677 0.5883 0.5713
0.7179 0.7157 0.6695 0.7084 0.7138 0.7297 0.6556 0.6072
0.7132 0.7124 0.6788 0.7049 0.7112 0.6884 0.7135 0.6646
0.7080 0.7126 0.6770 0.7050 0.7114 0.6766 0.6868 0.7148
0.7050 0.7119 0.6777 0.6944 0.7103 0.6667 0.6850 0.7002
0.6574 0.7134 0.6919 0.6912 0.6977 0.6714 0.6831 0.6914
0.6070 0.6619 0.7258 0.6946 0.6993 0.6610 0.6884 0.6865
0.5742 0.6073 0.6674 0.7314 0.7007 0.6585 0.6771 0.6876
0.5439 0.5723 0.6122 0.6742 0.7270 0.6679 0.6756 0.6727
0.5311 0.5563 0.5769 0.6202 0.6743 0.7227 0.6773 0.6706
0.5149 0.5447 0.5533 0.5935 0.6164 0.6516 0.7009 0.6714
0.4937 0.5154 0.5275 0.5662 0.5811 0.5963 0.6370 0.6945
