0.9059 0.7671 0.6586 0.6349 0.6043 0.5367 0.5234 0.4995
0.8257 0.9035 0.7127 0.6546 0.6188 0.5540 0.5424 0.5236
0.8107 0.8260 0.8727 0.7226 0.6567 0.5838 0.5693 0.5512
0.8226 0.8253 0.7776 0.8904 0.7402 0.6329 0.6094 0.5873
0.8251 0.8153 0.7564 0.7996 0.8920 0.7019 0.6464 0.6159
0.8089 0.8209 0.7464 0.7807 0.8030 0.8687 0.7208 0.6519
0.8180 0.8013 0.7513 0.7752 0.7839 0.7560 0.8804 0.7255
0.8232 0.8113 0.7434 0.7844 0.7792 0.7391 0.7882 0.8821
0.9052 0.8192 0.7507 0.7716 0.7964 0.7393 0.7762 0.8025
0.7637 0.9037 0.7705 0.7841 0.7833 0.7544 0.7778 0.7917
0.7057 0.7579 0.8766 0.7940 0.8016 0.7449 0.7926 0.7903
0.6689 0.6930 0.7076 0.8893 0.8178 0.7557 0.7817 0.7981
0.6339 0.6501 0.6297 0.7145 0.8892 0.7573 0.7869 0.7705
0.6130 0.6293 0.5957 0.6472 0.7291 0.8690 0.7982 0.7843
0.5965 0.6247 0.5886 0.6414 0.6795 0.7132 0.8734 0.7987
0.5673 0.5894 0.5491 0.6033 0.6431 0.6354 0.7180 0.8770
