19.4809 17.7524 10.8393 12.9184 13.2467 8.4145 10.7251 10.4717
19.1471 18.7174 12.0106 13.8292 13.8679 8.8887 11.2829 11.0186
19.0399 18.3621 13.1065 15.2361 14.7312 9.5124 11.8967 11.5544
19.2077 18.3713 12.6483 16.6716 16.0241 10.3454 12.5733 12.1427
19.3405 18.3088 12.6448 15.9622 16.9415 11.4690 13.2653 12.7166
19.2212 18.4570 12.7286 15.9600 16.5396 12.3746 14.1835 13.3405
19.0743 18.2414 12.8095 16.0198 16.4603 11.8573 14.8306 14.3212
18.9269 18.1212 12.9108 16.1976 16.4050 11.9199 14.6058 15.0219
19.6553 18.1334 12.8523 16.1720 16.7118 11.9756 14.4083 15.0930
18.9457 18.9966 13.0719 16.1449 16.4599 12.1269 14.3339 14.8782
17.6004 17.9623 13.3848 16.1719 16.3211 12.1519 14.3117 14.7664
16.5726 16.5424 12.4717 16.6242 16.2656 12.2119 14.1540 14.6970
15.9294 15.6385 11.3654 15.5055 16.5116 12.2209 13.9387 14.4170
15.5486 15.1985 10.7234 14.3296 15.5573 12.5370 13.8668 14.3247
15.2359 14.9076 10.3661 13.6965 14.5022 11.6498 14.0916 14.2972
14.9892 14.5494 10.0671 13.2539 13.7163 10.5229 13.1043 14.5044
