23.8354 20.8186 10.7118 12.7546 13.1954 8.0390 11.0132 10.5914
23.8693 23.2002 11.3704 13.3711 13.6187 8.2619 11.3759 10.9200
23.9326 22.4356 11.9909 14.2960 14.2420 8.5215 11.8302 11.3537
23.7871 22.5289 11.9242 15.0702 15.2311 8.9010 12.3630 11.7815
24.0434 22.6476 11.9782 15.1160 16.1058 9.5186 13.0654 12.3294
23.5857 22.7370 11.9416 15.1126 16.0309 10.0335 14.0606 12.9511
23.7753 22.2235 12.0624 15.2497 16.2116 10.0701 14.9626 13.9778
23.7746 21.8480 12.1713 15.5586 16.5126 10.2379 14.9099 15.0001
23.8629 21.6906 12.4700 15.8673 16.9899 10.5553 15.2119 15.2045
21.9218 23.1306 12.6273 16.1928 17.1645 10.7810 15.2192 15.2530
18.6792 19.7987 13.5736 17.1148 18.0498 11.5351 16.1973 16.1308
17.0375 17.1319 12.7652 17.9091 18.5296 11.9225 16.5207 16.6902
16.1335 15.8079 11.6840 16.5037 19.4144 12.2422 16.6989 16.7752
15.4164 14.9456 10.8480 14.9957 17.7480 12.7904 16.7731 17.0864
14.7391 14.2493 10.3463 14.0932 15.9900 11.9902 17.0984 17.2721
14.1605 13.6228 9.8446 13.5171 14.9697 10.9551 15.4571 17.5331
