18.7046 16.0819 8.8086 12.2309 12.8563 5.9262 13.3139 13.5478
18.2568 16.7329 8.8241 12.4901 13.0426 5.8829 13.3448 13.6478
18.2123 16.0976 8.7745 12.6371 13.1405 5.8437 13.3221 13.6211
18.1677 16.0612 8.5876 12.5636 13.3076 5.7878 13.4198 13.7295
18.2205 15.8106 8.5576 12.4394 13.7068 5.9474 13.7804 14.1426
18.2923 16.0092 8.4529 12.5190 13.5792 5.9437 14.1496 14.6376
18.4017 15.8854 8.4825 12.2720 13.5004 5.8578 14.1641 14.9760
19.0414 16.3175 8.7426 12.5704 13.7961 6.0633 14.2198 15.7186
18.7651 16.0826 8.5987 12.4470 13.6854 5.9609 14.1387 15.3869
18.3289 16.0216 8.3980 12.2975 13.4631 5.8025 13.8834 15.1698
18.5444 15.6117 8.4031 12.2052 13.4157 5.7832 13.9042 15.0292
18.6405 15.8621 8.3097 12.5160 13.4804 5.8097 13.9511 15.1030
18.5864 15.2825 8.0836 11.9059 13.3414 5.5955 13.7375 14.7072
18.6930 15.2626 8.0976 11.8403 13.0887 5.5812 13.6717 14.7710
18.9241 15.0473 8.0182 12.1404 13.1915 5.5710 13.8280 15.0403
18.8953 15.3557 8.0850 12.0957 13.2004 5.6104 13.9429 15.2563
18.7381 15.5816 8.0146 11.9220 13.0311 5.5041 13.8055 14.8841
18.4811 15.3881 7.9782 11.8125 12.9449 5.4598 13.7440 14.8372
18.1164 15.2794 8.1445 11.8636 13.0585 5.5296 13.7259 14.9299
17.3624 14.2081 7.9270 11.9888 13.0434 5.4670 13.6387 14.8934
16.9142 13.4103 7.8521 11.7410 13.1546 5.5185 13.6900 14.8764
16.7981 13.1732 7.8964 11.6596 13.2450 5.6610 13.9443 15.0655
16.5709 13.1639 7.8923 11.3463 12.9567 5.6338 13.9625 14.9959
16.2089 12.5553 7.7494 10.9867 12.6686 5.5127 13.7444 14.9490
