0.7528 0.7533 0.6633 0.6878 0.6830 0.5788 0.6305 0.6601
0.7607 0.7678 0.6696 0.6937 0.6843 0.5796 0.6304 0.6578
0.7615 0.7567 0.6704 0.7018 0.6885 0.5810 0.6309 0.6594
0.7575 0.7508 0.6483 0.7072 0.6985 0.5846 0.6318 0.6653
0.7537 0.7497 0.6366 0.7011 0.7172 0.5920 0.6394 0.6671
0.7490 0.7546 0.6275 0.6946 0.7126 0.5969 0.6558 0.6705
0.7531 0.7586 0.6295 0.6876 0.7066 0.5866 0.6678 0.6839
0.7649 0.7712 0.6410 0.6956 0.7070 0.5854 0.6536 0.7074
0.7647 0.7771 0.6479 0.7013 0.7126 0.5780 0.6502 0.7028
0.7657 0.7757 0.6595 0.7072 0.7150 0.5764 0.6496 0.6974
0.7639 0.7655 0.6740 0.7093 0.7206 0.5756 0.6485 0.6960
0.7600 0.7591 0.6586 0.7194 0.7251 0.5787 0.6519 0.6920
0.7605 0.7581 0.6483 0.7111 0.7209 0.5779 0.6520 0.6854
0.7623 0.7646 0.6443 0.7080 0.7121 0.5792 0.6508 0.6868
0.7694 0.7610 0.6446 0.7116 0.7070 0.5731 0.6600 0.6959
0.7702 0.7653 0.6460 0.7133 0.6985 0.5715 0.6554 0.7010
0.7592 0.7712 0.6472 0.7126 0.6935 0.5648 0.6457 0.6851
0.7517 0.7817 0.6518 0.7167 0.6905 0.5633 0.6389 0.6765
0.7368 0.7678 0.6583 0.7200 0.6934 0.5649 0.6306 0.6717
0.7258 0.7506 0.6516 0.7252 0.6965 0.5651 0.6301 0.6692
0.7245 0.7458 0.6483 0.7154 0.7020 0.5759 0.6350 0.6713
0.7224 0.7433 0.6469 0.7110 0.6990 0.5851 0.6462 0.6800
0.7198 0.7409 0.6465 0.7054 0.6914 0.5815 0.6568 0.6886
0.7181 0.7352 0.6456 0.7019 0.6868 0.5791 0.6432 0.6954
