0.6828 0.6310 0.5820 0.5802 0.5596 0.5267 0.5074 0.4914
0.6999 0.6865 0.6411 0.6087 0.5891 0.5530 0.5289 0.5183
0.7112 0.7022 0.7088 0.6605 0.6157 0.5835 0.5517 0.5413
0.7207 0.7039 0.6941 0.7258 0.6708 0.6110 0.5694 0.5588
0.7286 0.7084 0.6968 0.7232 0.7298 0.6705 0.5968 0.5829
0.7270 0.7237 0.6954 0.7260 0.7237 0.7348 0.6601 0.6112
0.7286 0.7214 0.7006 0.7332 0.7231 0.7108 0.7187 0.6608
0.7205 0.7099 0.6956 0.7361 0.7222 0.7069 0.7020 0.7130
0.7018 0.7078 0.6988 0.7199 0.7253 0.7063 0.6993 0.6917
0.6695 0.7083 0.7069 0.7227 0.7152 0.7108 0.6999 0.6921
0.6268 0.6666 0.7285 0.7189 0.7173 0.6964 0.7000 0.6905
0.6037 0.6244 0.6742 0.7262 0.7164 0.6995 0.6860 0.6950
0.5977 0.6069 0.6278 0.6751 0.7270 0.7028 0.6937 0.6907
0.5895 0.5977 0.6107 0.6384 0.6805 0.7326 0.6927 0.6836
0.5773 0.5837 0.5963 0.6220 0.6375 0.6739 0.7078 0.6784
0.5613 0.5686 0.5819 0.5984 0.6085 0.6137 0.6179 0.7094
