29.5215 18.7765 11.4006 13.3364 13.3328 9.6624 10.0809 9.9249
25.2357 27.5545 12.9534 14.0267 13.6551 9.8210 10.4560 10.2905
25.6466 23.9154 15.5328 16.0679 14.4594 10.0689 10.9223 10.7171
25.9388 24.3203 14.9626 20.6061 16.6525 10.6332 11.4745 11.1733
26.2829 25.0376 15.0845 19.2906 22.4324 12.1151 12.2433 11.7161
24.8188 25.2399 15.3042 19.1724 20.5018 14.3655 13.7297 12.5108
25.3160 23.8094 15.3062 19.2950 20.4857 13.6878 15.9624 14.0238
25.5799 24.2040 15.1100 19.3466 20.4833 13.5832 14.9902 16.7414
28.5582 24.4965 15.3285 18.9288 20.2399 13.7431 15.0548 15.0898
19.3612 27.3666 15.5645 19.3475 19.9191 14.0825 15.3419 14.9305
16.8863 18.7445 16.3567 19.6868 20.4738 14.1866 15.4930 15.0308
15.8469 16.3445 13.5653 20.6787 21.1383 14.3537 15.3893 15.5213
15.4874 15.2832 12.0556 16.1904 22.5450 14.5037 15.7241 15.9464
15.2736 14.9377 11.3207 14.3853 16.8694 14.8650 16.0968 15.5002
15.0990 14.8300 11.1209 13.7654 15.0052 12.6599 16.6070 15.2320
14.8340 14.4612 11.1418 13.3599 13.8921 11.0639 12.9918 17.4764
