21.9981 19.0670 11.9970 13.6695 13.8351 9.9235 10.4339 10.1658
21.6208 21.3583 13.3161 14.4716 14.4372 10.2317 10.8295 10.4977
21.7252 20.9495 14.5076 16.2937 15.4307 10.6551 11.3820 10.9520
21.8876 21.0425 14.2111 18.3077 17.2749 11.3429 12.0101 11.5054
21.9799 21.2054 14.2829 17.9304 19.1605 12.5924 12.8308 12.1704
21.4992 21.4579 14.4182 17.9534 19.0158 13.5676 14.1344 13.0701
21.4291 21.0148 14.5538 18.1785 18.8973 13.2330 15.1517 14.4360
21.4049 20.9446 14.4485 18.2672 18.8188 13.3049 14.6029 15.7480
21.5573 21.0030 14.5802 17.7958 18.7603 13.4626 14.6156 14.8336
19.9097 21.0540 14.7874 17.9583 18.3123 13.6310 14.8491 14.8475
17.8352 19.4078 15.1475 18.1404 18.5147 13.5404 14.9169 15.0452
16.6598 17.2859 13.9703 18.2958 18.8244 13.6627 14.7380 15.3622
16.1210 16.1482 12.6298 16.6046 19.3034 13.7850 14.9766 15.4837
15.7634 15.6450 11.8667 14.8641 17.4590 14.0212 15.2333 15.3889
15.4673 15.2562 11.5229 13.9311 15.7658 12.9052 15.6345 15.4922
15.0259 14.7387 11.2924 13.2738 14.2825 11.3350 13.4527 16.1933
