0.7687 0.2457 0.1486 0.1515 0.1443 0.1151 0.1297 0.1301
0.7005 0.7628 0.1805 0.1587 0.1544 0.1222 0.1384 0.1404
0.6882 0.7015 0.7254 0.1905 0.1666 0.1292 0.1428 0.1435
0.7103 0.7110 0.6572 0.7391 0.1928 0.1424 0.1570 0.1528
0.7114 0.7028 0.6394 0.6693 0.7404 0.1583 0.1658 0.1611
0.6968 0.7075 0.6318 0.6547 0.6703 0.7154 0.1777 0.1672
0.7014 0.6889 0.6352 0.6520 0.6570 0.6264 0.7335 0.1753
0.7025 0.6930 0.6264 0.6605 0.6562 0.6147 0.6602 0.7344
0.7676 0.6977 0.6303 0.6509 0.6757 0.6191 0.6522 0.6738
0.3933 0.7648 0.6453 0.6583 0.6654 0.6360 0.6572 0.6654
0.4000 0.3786 0.7272 0.6639 0.6779 0.6282 0.6729 0.6677
0.4016 0.4198 0.2775 0.7380 0.6903 0.6351 0.6645 0.6775
0.3817 0.4009 0.3372 0.3083 0.7365 0.6287 0.6594 0.6477
0.3708 0.3617 0.3093 0.3484 0.2985 0.7124 0.6669 0.6575
0.3191 0.3204 0.2827 0.3319 0.3356 0.2221 0.7284 0.6673
0.3082 0.3045 0.2753 0.3168 0.3223 0.2723 0.2460 0.7303
