0.7499 0.2392 0.1231 0.1176 0.1105 0.0849 0.0890 0.0827
0.7392 0.7562 0.1971 0.1391 0.0998 0.0617 0.0751 0.0757
0.7293 0.7360 0.7420 0.2021 0.1364 0.0972 0.0999 0.0976
0.7373 0.7387 0.7034 0.7515 0.2028 0.1205 0.1294 0.1220
0.7468 0.7370 0.6965 0.7336 0.7662 0.1719 0.1346 0.1324
0.7392 0.7422 0.6917 0.7300 0.7390 0.7544 0.1894 0.1372
0.7366 0.7348 0.6997 0.7238 0.7337 0.7115 0.7423 0.1936
0.7303 0.7324 0.6947 0.7249 0.7308 0.6999 0.7084 0.7434
0.7424 0.7216 0.6932 0.7133 0.7306 0.6893 0.7009 0.7163
0.2777 0.7483 0.7048 0.7095 0.7160 0.6979 0.6978 0.7109
0.3226 0.3116 0.7610 0.7021 0.7157 0.6879 0.7079 0.7092
0.3095 0.3412 0.2958 0.7571 0.7134 0.6864 0.6981 0.7104
0.2730 0.2862 0.3057 0.3497 0.7558 0.6968 0.6951 0.6951
0.2699 0.2848 0.3166 0.3973 0.3459 0.7531 0.6932 0.6947
0.2370 0.2518 0.2841 0.3643 0.3937 0.3110 0.7319 0.6973
0.2111 0.2241 0.2690 0.3406 0.3497 0.3491 0.3387 0.7265
