17.0104 11.0185 5.9256 8.8317 8.8571 5.3482 6.6397 6.8074
16.8361 16.2881 6.0725 9.0517 9.0339 5.5345 6.6892 6.8970
16.8145 16.1077 11.4042 9.3371 9.2507 5.7917 6.7840 7.0038
16.9968 16.1774 11.0620 14.5819 9.4924 6.0229 6.8670 7.1017
17.0976 16.1674 11.1067 14.1815 14.6190 6.1945 6.8779 7.1440
17.0802 16.2985 11.2094 14.2352 14.4142 10.9422 6.9086 7.1326
17.0075 16.2044 11.2987 14.3263 14.3946 10.5866 12.3645 7.1575
16.9341 16.1465 11.4360 14.4924 14.3759 10.6952 12.2429 12.5140
17.4400 16.1800 11.4116 14.5661 14.6428 10.7927 12.1082 12.5931
12.8479 16.7619 11.6157 14.5864 14.5163 10.9463 12.0665 12.4493
13.5064 12.1953 11.8431 14.6251 14.4212 11.0182 12.0503 12.3846
13.9784 12.6974 7.3960 14.9710 14.3789 11.0904 11.9675 12.3417
14.0053 13.0390 7.7049 10.8108 14.4916 11.0989 11.7894 12.1638
14.4729 13.3425 8.0116 11.2140 10.1418 11.3334 11.7100 12.0850
14.2601 13.4201 8.2384 11.7700 10.6736 7.2750 11.8704 12.0282
14.1051 13.4720 8.4710 11.9027 11.0311 7.5713 6.7101 12.1440
