36.4701 11.0212 5.9285 8.8371 8.8639 5.3540 6.6463 6.8147
27.7997 32.0164 6.0844 9.0552 9.0428 5.5442 6.6989 6.9069
27.2189 26.5914 15.2675 9.3582 9.2557 5.7987 6.7891 7.0090
27.1476 26.0164 14.7513 21.6126 9.5192 6.0303 6.8728 7.1071
27.7691 25.7650 14.6985 20.0653 24.6408 6.2139 6.8876 7.1543
26.3096 26.2292 14.7269 19.8272 22.1480 14.2579 6.9329 7.1401
26.9643 24.7819 14.8221 19.9240 21.7223 13.5719 17.8213 7.1787
27.0058 25.3726 14.8575 20.1841 21.6677 13.5440 16.6915 18.1948
30.8272 25.4652 14.7995 19.7905 22.0030 13.6184 16.3963 17.5232
13.4330 28.5649 14.9779 19.8972 21.3532 13.7940 16.3239 17.2172
14.3970 12.6719 15.5027 20.0082 21.5429 13.7453 16.3346 17.1094
14.6665 13.4875 7.6753 20.9005 21.6135 13.7970 16.0872 17.0577
14.0084 13.7123 8.2353 11.2321 22.9076 13.8394 16.0036 16.7241
13.4995 13.5210 8.6980 12.0375 10.6402 14.2591 15.9543 16.6438
12.0559 12.6434 8.8695 12.5234 11.4549 7.5293 16.2384 16.6650
10.7592 11.7932 8.8995 12.4588 12.0522 8.0884 6.9782 16.9675
