0.7101 0.2375 0.1305 0.1208 0.1090 0.0859 0.0877 0.0856
0.7052 0.7191 0.1973 0.1539 0.1396 0.0684 0.0698 0.0752
0.7055 0.7073 0.7042 0.2035 0.1352 0.0998 0.1042 0.1000
0.7179 0.7126 0.6766 0.7254 0.2039 0.1441 0.1388 0.1354
0.7256 0.7100 0.6700 0.7155 0.7359 0.1714 0.1332 0.1285
0.7179 0.7157 0.6695 0.7084 0.7138 0.7297 0.1892 0.1385
0.7132 0.7124 0.6788 0.7049 0.7112 0.6884 0.7135 0.1937
0.7080 0.7126 0.6770 0.7050 0.7114 0.6766 0.6868 0.7148
0.7050 0.7119 0.6777 0.6944 0.7103 0.6667 0.6850 0.7002
0.2876 0.7134 0.6919 0.6912 0.6977 0.6714 0.6831 0.6914
0.3263 0.3201 0.7258 0.6946 0.6993 0.6610 0.6884 0.6865
0.3278 0.3629 0.3387 0.7314 0.7007 0.6585 0.6771 0.6876
0.2858 0.2893 0.3085 0.3536 0.7270 0.6679 0.6756 0.6727
0.2796 0.2978 0.3104 0.3911 0.3501 0.7227 0.6773 0.6706
0.2480 0.2549 0.2868 0.3681 0.4041 0.3192 0.7009 0.6714
0.2191 0.2282 0.2753 0.3506 0.3702 0.3614 0.3601 0.6945
