0.9967 0.2367 0.1484 0.1562 0.1544 0.1239 0.1382 0.1354
0.9235 0.9944 0.1904 0.1632 0.1640 0.1371 0.1556 0.1567
0.9086 0.9169 0.9569 0.2017 0.1766 0.1443 0.1592 0.1607
0.8992 0.8990 0.8486 0.9845 0.2010 0.1497 0.1716 0.1709
0.9016 0.8880 0.8296 0.8923 0.9889 0.1697 0.1771 0.1740
0.8900 0.8925 0.8195 0.8735 0.8995 0.9631 0.1911 0.1796
0.9033 0.8804 0.8253 0.8638 0.8769 0.8495 0.9524 0.1896
0.9129 0.8975 0.8230 0.8695 0.8661 0.8278 0.8622 0.9552
0.9969 0.9074 0.8336 0.8552 0.8700 0.8192 0.8471 0.8724
0.3880 0.9949 0.8540 0.8707 0.8572 0.8233 0.8415 0.8611
0.3529 0.3757 0.9661 0.8838 0.8794 0.8137 0.8478 0.8538
0.3424 0.3731 0.3118 0.9875 0.8960 0.8260 0.8368 0.8541
0.3267 0.3448 0.3455 0.3715 0.9883 0.8397 0.8580 0.8405
0.3170 0.3145 0.2884 0.3732 0.3601 0.9689 0.8721 0.8563
0.2658 0.2672 0.2537 0.3312 0.3573 0.2803 0.9484 0.8736
0.2508 0.2478 0.2367 0.3055 0.3278 0.3038 0.3039 0.9529
