22.9491 11.0256 5.9271 8.8316 8.8572 5.3489 6.6385 6.8062
22.7115 22.4390 6.0889 9.0589 9.0405 5.5373 6.6914 6.8986
22.6894 22.2600 14.2572 9.3623 9.2561 5.7975 6.7893 7.0090
22.7307 22.1270 14.0133 18.7253 9.5203 6.0298 6.8726 7.1074
22.8680 21.9597 14.0024 18.5033 20.3629 6.2138 6.8823 7.1488
22.4000 21.9942 14.0611 18.4125 19.8258 13.4997 6.9320 7.1377
22.2424 21.3924 14.1378 18.3425 19.7075 13.1952 16.4673 7.1804
21.9917 21.2281 14.1369 18.3690 19.5911 13.1929 16.1681 16.7987
22.1496 21.1472 14.0518 18.0476 19.6935 13.1523 15.9450 16.8145
13.1696 21.8042 14.2107 17.9343 19.1390 13.2702 15.7983 16.5316
14.2021 12.5561 14.4209 17.8934 19.0315 13.1946 15.6946 16.3391
14.4418 13.3707 7.6395 18.3841 19.0033 13.2148 15.3716 16.1969
13.5629 13.4002 8.1894 11.1613 19.4521 13.2421 15.1742 15.7910
14.0680 13.7927 8.7249 11.9235 10.4665 13.5150 15.1122 15.7135
11.9666 12.5247 8.8410 12.5275 11.4697 7.5338 15.3584 15.8070
10.5431 11.2937 8.9528 12.2911 11.9130 8.1326 6.9732 15.9177
