17.6993 11.0162 5.9263 8.8343 8.8600 5.3505 6.6429 6.8112
17.5686 17.0760 6.0706 9.0525 9.0381 5.5392 6.6944 6.9025
17.5166 16.9901 11.9284 9.3347 9.2511 5.7924 6.7840 7.0037
17.7214 17.0172 11.7145 15.4676 9.4923 6.0234 6.8675 7.1019
17.8379 17.0303 11.6861 15.1915 15.5504 6.1946 6.8819 7.1482
17.7106 17.2154 11.7202 15.1725 15.3595 11.5456 6.9089 7.1341
17.7162 17.0221 11.7989 15.2479 15.2399 10.9552 12.8688 7.1569
17.7049 17.0288 11.9175 15.4443 15.1903 11.0761 12.4834 13.1148
18.3558 17.0680 11.9047 15.5093 15.5581 11.2531 12.3691 13.0240
12.9778 17.7404 12.1037 15.5927 15.4604 11.5126 12.3890 12.8933
13.5961 12.2470 12.5293 15.7204 15.4473 11.5895 12.4723 12.8832
14.0587 12.7339 7.4131 16.1717 15.4510 11.6916 12.4174 12.9218
14.2268 13.1248 7.7124 10.8332 15.7298 11.7361 12.2974 12.7663
14.4828 13.3930 8.0179 11.2741 10.2238 11.9510 12.2448 12.6970
14.3678 13.4794 8.2325 11.7322 10.6526 7.2702 12.4776 12.6488
14.2400 13.5883 8.4156 11.9031 11.0333 7.5435 6.7098 12.8023
