23.0060 11.0227 5.9277 8.8343 8.8592 5.3498 6.6401 6.8051
22.5329 22.4392 6.0888 9.0585 9.0410 5.5398 6.6936 6.9016
22.5819 22.1218 14.4290 9.3611 9.2540 5.7964 6.7862 7.0048
22.6387 22.1073 14.1337 18.8958 9.5197 6.0294 6.8726 7.1059
22.9877 22.0229 14.0980 18.6249 20.6575 6.2142 6.8833 7.1499
22.5585 22.1870 14.1015 18.5824 20.0132 13.5862 6.9316 7.1384
22.5121 21.5699 14.1861 18.5480 19.8030 13.2535 16.6310 7.1807
22.3864 21.3930 14.2145 18.6991 19.6498 13.2206 16.2361 16.8800
22.2963 21.2486 14.1736 18.3892 19.8575 13.1825 15.9813 16.8951
13.1202 21.9459 14.3649 18.0768 19.2506 13.3385 15.8350 16.5868
14.1956 12.5535 14.6312 17.8048 19.1030 13.2860 15.7816 16.4014
14.4475 13.3080 7.6162 18.6064 19.0319 13.3274 15.4716 16.2880
13.3481 13.2837 8.1693 11.1868 19.6344 13.3799 15.3261 15.8881
13.9036 13.7045 8.7191 11.9067 10.4819 13.6343 15.3004 15.8185
12.0923 12.8245 8.8975 12.5834 11.4409 7.5398 15.4766 15.8945
10.4055 11.3396 8.9385 12.3656 11.9012 8.0727 6.9321 16.0602
