0.6053 0.2489 0.1325 0.1224 0.1100 0.0882 0.0907 0.0880
0.5681 0.5983 0.1869 0.1482 0.1195 0.0587 0.0638 0.0698
0.5600 0.5675 0.5795 0.1929 0.1327 0.0987 0.1033 0.0987
0.5867 0.5826 0.5522 0.5863 0.1955 0.1364 0.1340 0.1275
0.5879 0.5753 0.5438 0.5576 0.5949 0.1594 0.1312 0.1266
0.5786 0.5762 0.5421 0.5507 0.5735 0.5730 0.1767 0.1391
0.5727 0.5703 0.5448 0.5528 0.5675 0.5285 0.5877 0.1793
0.5661 0.5680 0.5431 0.5559 0.5667 0.5251 0.5542 0.5887
0.5922 0.5661 0.5406 0.5512 0.5773 0.5289 0.5497 0.5657
0.3088 0.5932 0.5502 0.5484 0.5702 0.5390 0.5541 0.5607
0.3842 0.3494 0.5900 0.5481 0.5663 0.5353 0.5628 0.5590
0.4275 0.4426 0.3034 0.5871 0.5613 0.5319 0.5550 0.5630
0.3672 0.3705 0.3457 0.3268 0.5817 0.5203 0.5368 0.5394
0.3617 0.3735 0.3418 0.3637 0.2986 0.5748 0.5396 0.5401
0.3345 0.3430 0.3579 0.4121 0.4043 0.2590 0.5745 0.5455
0.2994 0.3252 0.3506 0.3983 0.4068 0.3334 0.2985 0.5754
