0.6170 0.2494 0.1255 0.1206 0.1122 0.0887 0.0938 0.0873
0.5863 0.6052 0.1874 0.1286 0.0883 0.0539 0.0665 0.0673
0.5649 0.5751 0.5898 0.1919 0.1354 0.0970 0.1001 0.0978
0.5881 0.5895 0.5615 0.5901 0.1943 0.1211 0.1243 0.1160
0.5904 0.5828 0.5520 0.5646 0.6014 0.1602 0.1336 0.1306
0.5817 0.5824 0.5474 0.5608 0.5810 0.5790 0.1774 0.1408
0.5751 0.5746 0.5503 0.5605 0.5734 0.5363 0.5934 0.1795
0.5710 0.5699 0.5452 0.5622 0.5707 0.5315 0.5606 0.5937
0.5962 0.5620 0.5410 0.5538 0.5814 0.5349 0.5542 0.5718
0.3045 0.5957 0.5474 0.5460 0.5723 0.5480 0.5548 0.5683
0.3818 0.3390 0.5988 0.5365 0.5672 0.5450 0.5642 0.5667
0.4047 0.4113 0.2672 0.5865 0.5595 0.5433 0.5581 0.5704
0.3508 0.3659 0.3423 0.3284 0.5861 0.5349 0.5397 0.5465
0.3542 0.3702 0.3611 0.3827 0.2923 0.5874 0.5402 0.5495
0.3259 0.3472 0.3542 0.4092 0.3929 0.2539 0.5803 0.5548
0.2899 0.3111 0.3439 0.3962 0.3942 0.3297 0.2836 0.5845
