17.0403 11.0167 5.9253 8.8322 8.8574 5.3484 6.6401 6.8068
17.0885 16.3247 6.0727 9.0506 9.0340 5.5358 6.6903 6.8982
17.0235 16.1955 11.4463 9.3366 9.2504 5.7915 6.7830 7.0024
17.1199 16.2732 11.1664 14.5524 9.4923 6.0224 6.8669 7.1009
17.1870 16.2553 11.2084 14.2965 14.5880 6.1948 6.8785 7.1446
17.1393 16.3893 11.2660 14.3360 14.4142 10.9433 6.9085 7.1331
17.0757 16.2905 11.3495 14.4231 14.3852 10.5810 12.3128 7.1576
17.0715 16.2362 11.4793 14.5646 14.3483 10.6870 12.1748 12.4670
17.4662 16.2667 11.4881 14.6349 14.6208 10.7935 12.0350 12.5637
12.8308 16.8015 11.6733 14.5743 14.4671 10.9964 11.9792 12.4187
13.4679 12.1862 11.9085 14.5273 14.3467 11.0793 11.9780 12.3540
13.9267 12.6446 7.3841 14.9425 14.2993 11.1720 11.8888 12.3109
13.8978 12.9988 7.6995 10.8265 14.4296 11.1981 11.7276 12.1178
14.4188 13.3537 8.0140 11.2140 10.1487 11.3775 11.6341 12.0358
14.3403 13.5029 8.2533 11.7936 10.6595 7.2782 11.7872 11.9737
14.0482 13.4549 8.4552 11.8734 11.0239 7.5423 6.6898 12.0829
