0.4979 0.2807 0.2880 0.3331 0.3341 0.2950 0.3244 0.3307
0.2984 0.4832 0.2997 0.3430 0.3416 0.3048 0.3299 0.3335
0.2988 0.2936 0.4430 0.3458 0.3439 0.3099 0.3330 0.3366
0.2859 0.2812 0.2908 0.4529 0.3359 0.3022 0.3249 0.3280
0.2880 0.2812 0.2907 0.3392 0.4602 0.3060 0.3260 0.3298
0.2881 0.2827 0.2922 0.3387 0.3394 0.4279 0.3283 0.3309
0.2904 0.2842 0.2963 0.3402 0.3396 0.3151 0.4478 0.3355
0.2945 0.2876 0.3008 0.3432 0.3411 0.3169 0.3352 0.4488
0.4816 0.2911 0.3038 0.3452 0.3435 0.3183 0.3334 0.3430
0.2950 0.4800 0.3102 0.3481 0.3436 0.3227 0.3327 0.3414
0.2932 0.2900 0.4510 0.3519 0.3457 0.3242 0.3340 0.3411
0.2945 0.2901 0.3139 0.4512 0.3479 0.3283 0.3329 0.3410
0.3019 0.2976 0.3232 0.3618 0.4460 0.3419 0.3427 0.3488
0.3014 0.2963 0.3220 0.3640 0.3552 0.4296 0.3440 0.3469
0.2971 0.2841 0.3109 0.3474 0.3446 0.3322 0.4364 0.3448
0.2963 0.2928 0.3203 0.3556 0.3442 0.3387 0.3243 0.4430
