15.0512 14.2406 9.0114 11.6229 11.6857 7.8319 9.7548 9.8100
15.1171 14.3711 9.2108 11.8700 11.7481 8.0554 9.5054 9.6090
15.1327 14.3540 9.5186 12.3028 12.2215 8.5494 9.9462 10.0994
15.2683 14.4614 9.4379 12.7262 12.5339 8.8591 10.1679 10.3206
15.3259 14.4778 9.5126 12.6506 12.7302 9.0952 10.2335 10.4431
15.3407 14.5926 9.5913 12.7338 12.6680 9.3131 10.2555 10.4414
15.3230 14.5593 9.6746 12.8362 12.6837 9.1576 10.2480 10.4407
15.3367 14.5474 9.8171 12.9560 12.6793 9.2875 10.1648 10.4474
15.5956 14.5930 9.8433 13.0748 12.9099 9.3995 10.0717 10.5492
15.6938 14.9410 9.9968 13.0816 12.8368 9.5742 10.0280 10.4492
15.6544 14.9095 10.1650 13.0839 12.7640 9.6742 10.0024 10.3999
15.5355 14.8205 10.1015 13.3371 12.7345 9.7548 9.9401 10.3527
15.4776 14.6851 10.0600 13.1209 12.7693 9.7591 9.8020 10.2114
15.4803 14.7535 10.0832 13.1003 12.6435 9.8765 9.7220 10.1379
15.3885 14.7334 10.1271 13.0710 12.5742 9.8360 9.7854 10.0747
15.3449 14.6382 10.0769 13.0223 12.4510 9.7688 9.6779 10.1063
