17.0104 16.1176 10.7843 13.1619 13.2464 9.0877 11.4414 11.3529
16.8361 16.2881 11.0191 13.4523 13.2920 9.2895 11.0023 10.9927
16.8145 16.1077 11.4042 14.0619 13.9900 10.1019 11.7674 11.7984
16.9968 16.1774 11.0620 14.5819 14.3841 10.4351 12.2102 12.2722
17.0976 16.1674 11.1067 14.1815 14.6190 10.6836 12.3116 12.4570
17.0802 16.2985 11.2094 14.2352 14.4142 10.9422 12.3486 12.4931
17.0075 16.2044 11.2987 14.3263 14.3946 10.5866 12.3645 12.4692
16.9341 16.1465 11.4360 14.4924 14.3759 10.6952 12.2429 12.5140
17.4400 16.1800 11.4116 14.5661 14.6428 10.7927 12.1082 12.5931
17.5279 16.7619 11.6157 14.5864 14.5163 10.9463 12.0665 12.4493
17.3886 16.6443 11.8431 14.6251 14.4212 11.0182 12.0503 12.3846
17.1219 16.4521 11.7042 14.9710 14.3789 11.0904 11.9675 12.3417
17.0892 16.2953 11.6525 14.6833 14.4916 11.0989 11.7894 12.1638
17.0872 16.3803 11.6399 14.6044 14.3114 11.3334 11.7100 12.0850
16.8921 16.2577 11.6571 14.5599 14.2221 11.2370 11.8704 12.0282
16.8439 16.1763 11.6018 14.4878 14.0350 11.1127 11.7122 12.1440
