14.6038 13.8306 8.6412 11.3042 11.3542 7.5778 9.3737 9.4225
14.5591 13.9294 8.8173 11.5567 11.4724 7.7732 9.2084 9.3100
14.6117 13.9042 9.0917 11.9666 11.8969 8.2759 9.5672 9.7016
14.7978 14.0156 9.0107 12.3463 12.1958 8.5665 9.8038 9.9661
14.8759 14.0442 9.0927 12.2270 12.3521 8.7631 9.8466 10.0637
14.9177 14.1565 9.1980 12.3277 12.2900 8.9507 9.8566 10.0594
14.9066 14.1361 9.2857 12.4365 12.3176 8.8324 9.8395 10.0455
14.8899 14.1301 9.4352 12.5697 12.3280 8.9658 9.7698 10.0408
15.1728 14.1779 9.4495 12.6993 12.5506 9.0759 9.6862 10.1342
15.3057 14.5161 9.6076 12.7576 12.5052 9.2169 9.6523 10.0422
15.2663 14.5125 9.7615 12.8084 12.4546 9.3111 9.6165 9.9970
15.1431 14.4230 9.7369 13.0065 12.4304 9.3832 9.5625 9.9511
15.1128 14.3420 9.7170 12.8594 12.4383 9.3799 9.4225 9.8270
15.1024 14.3810 9.7273 12.8135 12.3396 9.5081 9.3534 9.7571
15.0020 14.3382 9.7604 12.8274 12.2899 9.5126 9.4019 9.6962
14.9815 14.2801 9.7252 12.7405 12.1640 9.4256 9.3200 9.7177
