17.6993 16.7796 11.1349 13.7291 13.7968 9.4659 11.8667 11.9129
17.5686 17.0760 11.3980 14.1772 14.2152 9.8939 11.9492 12.1356
17.5166 16.9901 11.9284 14.6881 14.6334 10.4071 12.3729 12.3797
17.7214 17.0172 11.7145 15.4676 15.0778 10.8150 12.5606 12.7361
17.8379 17.0303 11.6861 15.1915 15.5504 11.0680 12.6663 12.8782
17.7106 17.2154 11.7202 15.1725 15.3595 11.5456 12.6667 12.7162
17.7162 17.0221 11.7989 15.2479 15.2399 10.9552 12.8688 12.9841
17.7049 17.0288 11.9175 15.4443 15.1903 11.0761 12.4834 13.1148
18.3558 17.0680 11.9047 15.5093 15.5581 11.2531 12.3691 13.0240
18.1749 17.7404 12.1037 15.5927 15.4604 11.5126 12.3890 12.8933
18.1042 17.4685 12.5293 15.7204 15.4473 11.5895 12.4723 12.8832
17.8104 17.2761 12.2073 16.1717 15.4510 11.6916 12.4174 12.9218
17.7161 17.0447 12.0628 15.4835 15.7298 11.7361 12.2974 12.7663
17.5843 16.9957 11.9941 15.3465 15.1123 11.9510 12.2448 12.6970
17.4765 16.9466 12.0410 15.2737 15.1567 11.6499 12.4776 12.6488
17.3617 16.8047 11.9082 15.1590 14.8801 11.4668 12.1795 12.8023
