0.4400 0.4378 0.3533 0.3495 0.3485 0.3144 0.3401 0.3394
0.4050 0.4261 0.3379 0.3328 0.3341 0.2982 0.3219 0.3290
0.4000 0.4031 0.3565 0.3387 0.3381 0.3018 0.3299 0.3299
0.4309 0.4259 0.3482 0.3748 0.3601 0.3176 0.3452 0.3455
0.4291 0.4217 0.3411 0.3534 0.3762 0.3210 0.3459 0.3486
0.4217 0.4230 0.3382 0.3484 0.3512 0.3406 0.3471 0.3458
0.4186 0.4123 0.3379 0.3486 0.3484 0.3115 0.3632 0.3497
0.4134 0.4078 0.3312 0.3517 0.3510 0.3090 0.3371 0.3638
0.4360 0.4061 0.3300 0.3480 0.3633 0.3155 0.3369 0.3451
0.4288 0.4297 0.3331 0.3473 0.3595 0.3249 0.3424 0.3435
0.4271 0.4215 0.3598 0.3453 0.3611 0.3218 0.3502 0.3474
0.4113 0.4061 0.3306 0.3705 0.3635 0.3213 0.3470 0.3532
0.3863 0.3817 0.3053 0.3260 0.3650 0.3058 0.3311 0.3305
0.3920 0.3854 0.3030 0.3179 0.3415 0.3308 0.3318 0.3330
0.3883 0.3969 0.3156 0.3356 0.3514 0.3230 0.3515 0.3338
0.3872 0.3790 0.2935 0.3192 0.3361 0.2994 0.3377 0.3559
