17.0403 16.1021 10.7583 13.1251 13.2174 9.0552 11.4103 11.3713
17.0885 16.3247 11.0252 13.4004 13.1888 9.2985 10.9306 10.9583
17.0235 16.1955 11.4463 13.9859 13.8989 9.9812 11.7236 11.8096
17.1199 16.2732 11.1664 14.5524 14.2845 10.3361 12.0815 12.1511
17.1870 16.2553 11.2084 14.2965 14.5880 10.6312 12.2181 12.3634
17.1393 16.3893 11.2660 14.3360 14.4142 10.9433 12.2761 12.3957
17.0757 16.2905 11.3495 14.4231 14.3852 10.5810 12.3128 12.4038
17.0715 16.2362 11.4792 14.5646 14.3483 10.6870 12.1748 12.4670
17.4662 16.2667 11.4881 14.6349 14.6208 10.7935 12.0350 12.5637
17.4701 16.8015 11.6733 14.5743 14.4671 10.9964 11.9792 12.4187
17.3709 16.6511 11.9085 14.5273 14.3467 11.0793 11.9780 12.3540
17.1522 16.4774 11.7154 14.9425 14.2993 11.1720 11.8888 12.3109
17.0649 16.2424 11.6261 14.5588 14.4296 11.1981 11.7276 12.1178
17.0860 16.3761 11.6518 14.5360 14.2133 11.3775 11.6341 12.0358
16.9517 16.3141 11.6851 14.4250 14.1015 11.2206 11.7872 11.9737
16.8622 16.1595 11.5879 14.4187 13.9370 11.1407 11.5973 12.0829
