15.0326 13.0683 7.8028 11.0316 11.1578 7.1394 8.7063 8.8536
13.8544 14.3499 7.9692 11.3205 11.3828 7.3727 8.7333 8.9221
13.9456 13.2544 9.5091 11.6386 11.6625 7.7023 8.8757 9.0844
14.0241 13.3142 8.3095 12.7480 11.8713 7.9489 8.9615 9.1908
14.0653 13.3480 8.4207 12.0320 12.7585 8.1307 8.9655 9.2340
14.1065 13.4130 8.5271 12.1664 12.0343 9.3337 8.9552 9.1999
14.1143 13.4093 8.6097 12.2743 12.0795 8.3690 10.2826 9.1814
14.1101 13.4152 8.7554 12.3654 12.0918 8.5155 8.8687 10.4753
15.5824 13.4362 8.7843 12.4859 12.2506 8.6112 8.8005 9.2514
14.2090 14.9204 8.8996 12.5421 12.2254 8.7338 8.7520 9.1711
14.1866 13.5202 10.1448 12.5758 12.1837 8.8181 8.6865 9.1173
14.1434 13.4832 8.9994 13.3667 12.1510 8.8764 8.6292 9.0501
14.1323 13.4642 9.0089 12.5843 12.8100 8.8858 8.5282 8.9652
14.1106 13.4520 9.0199 12.5601 12.0339 9.8755 8.4642 8.8923
14.0768 13.4208 9.0480 12.5233 11.9770 8.9317 9.8353 8.8341
14.0668 13.4355 9.0521 12.5008 11.9147 8.9078 8.3644 10.1449
