0.2984 0.2173 0.3216 0.2904 0.0407 0.1309 0.2516 0.3213
0.2994 0.2319 0.3255 0.3073 0.0425 0.1336 0.2671 0.3401
0.3098 0.2383 0.3329 0.3165 0.0418 0.1407 0.2883 0.3405
0.3027 0.2457 0.3322 0.3057 0.0447 0.1560 0.2901 0.3525
0.3078 0.2453 0.3421 0.3184 0.0591 0.1710 0.3092 0.3802
0.3112 0.2675 0.3783 0.3414 0.0725 0.1685 0.3076 0.3925
0.3196 0.3002 0.3906 0.3621 0.0833 0.1903 0.3350 0.3824
0.3276 0.3310 0.3956 0.3742 0.0932 0.1951 0.3399 0.3651
0.3543 0.3462 0.3810 0.3672 0.0886 0.1880 0.3167 0.3288
0.3491 0.3629 0.3690 0.3631 0.0818 0.1572 0.3019 0.3089
0.3646 0.3567 0.3653 0.3394 0.0740 0.1545 0.3044 0.2859
0.3533 0.3491 0.3496 0.3087 0.0519 0.1420 0.2741 0.2843
0.3567 0.3197 0.3505 0.2769 0.0550 0.1285 0.2509 0.2964
0.3388 0.3228 0.3344 0.2532 0.0492 0.0975 0.1989 0.3027
0.3119 0.3121 0.3146 0.2519 0.0512 0.0975 0.2066 0.2854
0.2899 0.2930 0.3043 0.2600 0.0546 0.0948 0.1947 0.2759
