0.5856 0.2908 0.3005 0.3451 0.3452 0.3085 0.3373 0.3447
0.3143 0.5751 0.3126 0.3564 0.3546 0.3202 0.3423 0.3480
0.3134 0.3087 0.5193 0.3592 0.3551 0.3222 0.3437 0.3473
0.2998 0.2952 0.3088 0.5354 0.3491 0.3143 0.3351 0.3394
0.3019 0.2950 0.3074 0.3581 0.5367 0.3201 0.3369 0.3404
0.3000 0.2974 0.3083 0.3561 0.3579 0.5052 0.3409 0.3428
0.3030 0.2962 0.3131 0.3576 0.3562 0.3346 0.5260 0.3480
0.3069 0.3004 0.3163 0.3624 0.3575 0.3354 0.3512 0.5270
0.5832 0.3040 0.3203 0.3628 0.3618 0.3379 0.3491 0.3599
0.3025 0.5783 0.3279 0.3680 0.3608 0.3442 0.3495 0.3585
0.3026 0.3000 0.5219 0.3730 0.3648 0.3457 0.3533 0.3594
0.3033 0.3006 0.3258 0.5333 0.3685 0.3516 0.3519 0.3612
0.3090 0.3058 0.3335 0.3732 0.5295 0.3666 0.3637 0.3683
0.3084 0.3044 0.3321 0.3763 0.3670 0.4990 0.3657 0.3678
0.3038 0.2912 0.3181 0.3578 0.3567 0.3463 0.5174 0.3667
0.3054 0.3004 0.3272 0.3661 0.3547 0.3520 0.3387 0.5210
