0.4998 0.2821 0.2898 0.3337 0.3354 0.2972 0.3265 0.3320
0.3038 0.4812 0.3018 0.3446 0.3435 0.3079 0.3327 0.3353
0.3033 0.2973 0.4438 0.3474 0.3458 0.3108 0.3343 0.3368
0.2894 0.2847 0.2956 0.4503 0.3380 0.3033 0.3263 0.3290
0.2914 0.2846 0.2950 0.3438 0.4589 0.3079 0.3283 0.3315
0.2914 0.2862 0.2958 0.3431 0.3445 0.4278 0.3313 0.3328
0.2938 0.2879 0.3000 0.3445 0.3438 0.3193 0.4474 0.3376
0.2976 0.2916 0.3045 0.3476 0.3450 0.3208 0.3393 0.4481
0.4770 0.2953 0.3076 0.3488 0.3475 0.3223 0.3369 0.3479
0.2964 0.4744 0.3137 0.3520 0.3477 0.3272 0.3365 0.3462
0.2945 0.2920 0.4504 0.3559 0.3494 0.3293 0.3382 0.3458
0.2961 0.2927 0.3169 0.4449 0.3514 0.3341 0.3369 0.3460
0.3038 0.2990 0.3252 0.3629 0.4438 0.3482 0.3470 0.3535
0.3029 0.2988 0.3249 0.3659 0.3571 0.4340 0.3481 0.3516
0.2981 0.2858 0.3130 0.3484 0.3461 0.3345 0.4356 0.3493
0.2986 0.2954 0.3238 0.3582 0.3463 0.3420 0.3266 0.4449
