15.0512 13.0750 7.8009 11.0271 11.1549 7.1307 8.7091 8.8615
13.8857 14.3711 7.9705 11.3184 11.3757 7.3706 8.7280 8.9154
13.9741 13.2722 9.5186 11.6352 11.6595 7.6940 8.8783 9.0933
14.0447 13.3321 8.3211 12.7262 11.8672 7.9417 8.9564 9.1841
14.0825 13.3652 8.4322 12.0507 12.7302 8.1273 8.9620 9.2303
14.1210 13.4306 8.5343 12.1823 12.0395 9.3131 8.9526 9.1967
14.1301 13.4271 8.6161 12.2895 12.0836 8.3695 10.2480 9.1787
14.1316 13.4332 8.7612 12.3786 12.0945 8.5160 8.8658 10.4474
15.5956 13.4544 8.7932 12.4993 12.2547 8.6125 8.7974 9.2520
14.2166 14.9410 8.9074 12.5493 12.2273 8.7398 8.7479 9.1715
14.1974 13.5322 10.1650 12.5764 12.1831 8.8254 8.6843 9.1176
14.1546 13.4962 9.0036 13.3371 12.1503 8.8857 8.6262 9.0505
14.1427 13.4711 9.0097 12.5811 12.7693 8.8967 8.5264 8.9641
14.1179 13.4643 9.0259 12.5606 12.0313 9.8765 8.4614 8.8906
14.0930 13.4379 9.0535 12.5189 11.9713 8.9298 9.7854 8.8322
14.0911 13.4447 9.0568 12.4983 11.9096 8.9117 8.3579 10.1063
