0.7687 0.7106 0.6133 0.5948 0.5829 0.5237 0.5604 0.5576
0.7005 0.7628 0.6244 0.5981 0.5848 0.5253 0.5440 0.5492
0.6882 0.7015 0.7254 0.6257 0.6028 0.5405 0.5726 0.5553
0.7103 0.7110 0.6572 0.7391 0.6443 0.5684 0.5936 0.5793
0.7114 0.7028 0.6394 0.6693 0.7404 0.5966 0.6111 0.5965
0.6968 0.7075 0.6318 0.6547 0.6703 0.7154 0.6362 0.6112
0.7014 0.6889 0.6352 0.6520 0.6570 0.6264 0.7335 0.6415
0.7025 0.6930 0.6264 0.6605 0.6562 0.6147 0.6602 0.7344
0.7676 0.6977 0.6303 0.6509 0.6757 0.6191 0.6522 0.6738
0.6913 0.7648 0.6453 0.6583 0.6654 0.6360 0.6572 0.6654
0.6797 0.6914 0.7272 0.6639 0.6779 0.6282 0.6729 0.6677
0.6444 0.6571 0.6020 0.7380 0.6903 0.6351 0.6645 0.6775
0.6122 0.6162 0.5554 0.5964 0.7365 0.6287 0.6594 0.6477
0.6114 0.6148 0.5396 0.5802 0.6264 0.7124 0.6669 0.6575
0.5994 0.6116 0.5403 0.5754 0.6186 0.6011 0.7284 0.6673
0.5909 0.5907 0.5112 0.5584 0.5833 0.5601 0.6247 0.7303
