15.3316 13.1172 7.8389 11.0898 11.2123 7.1851 8.7357 8.9016
13.9234 14.7084 8.0056 11.3903 11.4716 7.4395 8.8135 9.0204
14.0098 13.3331 9.9025 11.6981 11.7257 7.7445 8.9190 9.1275
14.0865 13.3886 8.3754 13.2250 11.9342 7.9970 8.9883 9.2259
14.1249 13.4240 8.4830 12.1353 13.2137 8.1801 8.9911 9.2661
14.1573 13.4894 8.5846 12.2639 12.1311 9.8635 8.9787 9.2230
14.1700 13.4803 8.6666 12.3704 12.1659 8.4229 10.5183 9.2189
14.1697 13.4909 8.8116 12.4632 12.1726 8.5714 8.8858 10.7665
15.9882 13.5097 8.8417 12.5839 12.3375 8.6755 8.8191 9.2836
14.2489 15.3727 8.9566 12.6450 12.3152 8.8085 8.7745 9.2042
14.2361 13.5835 10.7097 12.6861 12.2794 8.8940 8.7167 9.1537
14.1933 13.5489 9.0552 14.1140 12.2488 8.9540 8.6617 9.0927
14.1716 13.5237 9.0611 12.6700 13.4932 8.9666 8.5647 9.0103
14.1407 13.5044 9.0733 12.6523 12.1254 10.4454 8.5031 8.9383
14.1049 13.4649 9.0947 12.6087 12.0705 8.9939 10.1369 8.8813
14.1089 13.4759 9.0942 12.5743 12.0048 8.9690 8.3996 10.4852
