0.6170 0.5884 0.5295 0.5128 0.5024 0.4530 0.4714 0.4632
0.5863 0.6052 0.5401 0.5126 0.4960 0.4575 0.4596 0.4590
0.5649 0.5751 0.5898 0.5365 0.5302 0.4854 0.4896 0.4783
0.5881 0.5895 0.5615 0.5901 0.5534 0.5014 0.5109 0.5015
0.5904 0.5828 0.5520 0.5646 0.6014 0.5234 0.5264 0.5170
0.5817 0.5824 0.5474 0.5608 0.5810 0.5790 0.5467 0.5298
0.5751 0.5746 0.5503 0.5605 0.5734 0.5363 0.5934 0.5466
0.5710 0.5699 0.5452 0.5622 0.5707 0.5315 0.5606 0.5937
0.5962 0.5620 0.5410 0.5538 0.5814 0.5349 0.5542 0.5718
0.5617 0.5957 0.5474 0.5460 0.5723 0.5480 0.5548 0.5683
0.5447 0.5535 0.5988 0.5365 0.5672 0.5450 0.5642 0.5667
0.5199 0.5277 0.5344 0.5865 0.5595 0.5433 0.5581 0.5704
0.5022 0.5015 0.4992 0.5192 0.5861 0.5349 0.5397 0.5465
0.5055 0.5083 0.4915 0.5041 0.5349 0.5874 0.5402 0.5495
0.4958 0.5043 0.4924 0.5026 0.5275 0.5415 0.5803 0.5548
0.4753 0.4773 0.4627 0.4832 0.5041 0.5118 0.5354 0.5845
