13.9961 13.2648 8.1085 10.8719 10.8974 7.2452 8.7914 8.9438
14.0274 13.3728 8.2794 11.1518 11.1413 7.5251 8.8457 9.0731
14.0964 13.4530 8.5700 11.4859 11.4155 7.8730 9.0190 9.1894
14.2876 13.5632 8.6318 11.8894 11.6922 8.1782 9.1321 9.3576
14.3601 13.6093 8.7079 11.9428 11.8782 8.3801 9.1611 9.4221
14.3835 13.7264 8.7964 12.0385 11.8951 8.6177 9.1587 9.3606
14.4110 13.6971 8.8886 12.1482 11.9056 8.5107 9.1827 9.4270
14.4282 13.7215 9.0411 12.2815 11.9141 8.6628 9.0571 9.4310
14.6526 13.7723 9.0769 12.4252 12.1501 8.8090 8.9952 9.4876
14.7286 14.0372 9.2304 12.5082 12.1395 8.9919 8.9805 9.4131
14.7312 14.0270 9.4202 12.5931 12.1275 9.0954 8.9716 9.3886
14.6460 13.9664 9.3694 12.7784 12.1262 9.1757 8.9310 9.3658
14.5953 13.8843 9.3322 12.5711 12.1576 9.1878 8.8172 9.2608
14.5562 13.8797 9.3149 12.5031 11.9671 9.2602 8.7608 9.1960
14.5402 13.9098 9.4012 12.5499 11.9743 9.2204 8.8014 9.1410
14.5042 13.8398 9.3446 12.4553 11.8508 9.1261 8.7025 9.1497
