0.4660 0.4587 0.3959 0.3891 0.3859 0.3474 0.3742 0.3685
0.4276 0.4495 0.3866 0.3723 0.3687 0.3337 0.3559 0.3591
0.4198 0.4234 0.4038 0.3858 0.3877 0.3541 0.3717 0.3730
0.4497 0.4432 0.3944 0.4144 0.4078 0.3694 0.3897 0.3860
0.4472 0.4364 0.3888 0.3941 0.4210 0.3723 0.3904 0.3895
0.4397 0.4349 0.3874 0.3899 0.4105 0.3871 0.3952 0.3909
0.4337 0.4298 0.3865 0.3929 0.4058 0.3608 0.4076 0.3956
0.4263 0.4258 0.3848 0.3949 0.4050 0.3616 0.3863 0.4085
0.4488 0.4231 0.3817 0.3932 0.4159 0.3687 0.3842 0.3940
0.4424 0.4468 0.3851 0.3905 0.4124 0.3771 0.3895 0.3930
0.4321 0.4324 0.4110 0.3874 0.4069 0.3767 0.3958 0.3937
0.4095 0.4112 0.3840 0.4119 0.4003 0.3728 0.3915 0.3980
0.4012 0.3988 0.3632 0.3780 0.4065 0.3540 0.3708 0.3769
0.4028 0.4014 0.3583 0.3666 0.3908 0.3878 0.3720 0.3775
0.3943 0.4064 0.3651 0.3795 0.3933 0.3896 0.3964 0.3814
0.3786 0.3711 0.3332 0.3512 0.3747 0.3615 0.3895 0.4043
