0.4998 0.4870 0.4262 0.4162 0.4115 0.3740 0.3951 0.3895
0.4687 0.4812 0.4215 0.4037 0.3975 0.3660 0.3788 0.3824
0.4495 0.4558 0.4438 0.4168 0.4172 0.3818 0.3962 0.3926
0.4762 0.4740 0.4312 0.4503 0.4375 0.3960 0.4138 0.4119
0.4753 0.4677 0.4238 0.4316 0.4589 0.4054 0.4200 0.4185
0.4683 0.4657 0.4205 0.4295 0.4482 0.4278 0.4283 0.4216
0.4609 0.4594 0.4213 0.4310 0.4421 0.3990 0.4474 0.4283
0.4565 0.4541 0.4173 0.4318 0.4400 0.3977 0.4249 0.4481
0.4770 0.4475 0.4126 0.4265 0.4507 0.4041 0.4217 0.4340
0.4641 0.4744 0.4144 0.4187 0.4450 0.4150 0.4236 0.4329
0.4530 0.4548 0.4504 0.4092 0.4390 0.4145 0.4296 0.4325
0.4356 0.4377 0.4174 0.4449 0.4311 0.4115 0.4259 0.4363
0.4187 0.4164 0.3903 0.4034 0.4438 0.3965 0.4057 0.4145
0.4241 0.4243 0.3874 0.3930 0.4199 0.4340 0.4061 0.4175
0.4160 0.4251 0.3917 0.4017 0.4201 0.4245 0.4356 0.4214
0.3947 0.3968 0.3652 0.3822 0.4014 0.3981 0.4202 0.4449
