0.6053 0.5795 0.5226 0.5094 0.4977 0.4444 0.4682 0.4581
0.5681 0.5983 0.5299 0.5047 0.4871 0.4442 0.4506 0.4500
0.5600 0.5675 0.5795 0.5339 0.5275 0.4867 0.4941 0.4858
0.5867 0.5826 0.5522 0.5863 0.5515 0.5039 0.5138 0.4996
0.5879 0.5753 0.5438 0.5576 0.5949 0.5198 0.5247 0.5136
0.5786 0.5762 0.5421 0.5507 0.5735 0.5730 0.5422 0.5254
0.5727 0.5703 0.5448 0.5528 0.5675 0.5285 0.5877 0.5433
0.5661 0.5680 0.5431 0.5559 0.5667 0.5251 0.5542 0.5887
0.5922 0.5661 0.5406 0.5512 0.5773 0.5289 0.5497 0.5657
0.5626 0.5932 0.5502 0.5484 0.5702 0.5390 0.5541 0.5607
0.5423 0.5503 0.5900 0.5481 0.5663 0.5353 0.5628 0.5590
0.5097 0.5181 0.5251 0.5871 0.5613 0.5319 0.5550 0.5630
0.5012 0.5017 0.4981 0.5241 0.5817 0.5203 0.5368 0.5394
0.4983 0.5004 0.4839 0.5032 0.5344 0.5748 0.5396 0.5401
0.4876 0.4990 0.4879 0.5070 0.5280 0.5379 0.5745 0.5455
0.4680 0.4621 0.4527 0.4761 0.5011 0.5029 0.5331 0.5754
