22.9491 20.0471 11.8569 13.6144 14.1054 9.1658 11.1324 10.8344
22.7115 22.4390 13.1542 14.7919 14.9249 9.7136 11.8179 11.4804
22.6894 22.2600 14.2572 16.7288 16.1307 10.3748 12.5572 12.1258
22.7307 22.1270 14.0133 18.7253 18.3402 11.2481 13.3937 12.8439
22.8680 21.9597 14.0024 18.5033 20.3629 12.5369 14.2928 13.6100
22.4000 21.9942 14.0611 18.4125 19.8258 13.4997 15.5299 14.4535
22.2424 21.3924 14.1378 18.3425 19.7075 13.1952 16.4673 15.7534
21.9917 21.2281 14.1369 18.3690 19.5911 13.1929 16.1681 16.7987
22.1496 21.1472 14.0518 18.0476 19.6935 13.1523 15.9450 16.8145
20.1799 21.8042 14.2107 17.9343 19.1390 13.2702 15.7983 16.5316
17.8353 19.3866 14.4209 17.8934 19.0315 13.1946 15.6946 16.3391
16.4428 17.0173 13.3345 18.3841 19.0033 13.2148 15.3716 16.1969
15.6264 15.7447 12.0709 16.6024 19.4521 13.2421 15.1742 15.7910
15.1239 15.1065 11.2481 14.8608 17.4058 13.5150 15.1122 15.7135
14.7026 14.6524 10.7021 13.9670 15.4667 12.4425 15.3584 15.8070
14.3835 14.1918 10.2799 13.4811 14.3095 11.1683 14.0014 15.9177
