0.6170 0.5835 0.5062 0.5004 0.4886 0.4367 0.4384 0.4318
0.5863 0.6052 0.5368 0.5039 0.4925 0.4418 0.4487 0.4461
0.5649 0.5751 0.5898 0.5373 0.5122 0.4601 0.4663 0.4624
0.5881 0.5895 0.5615 0.5901 0.5634 0.4933 0.4924 0.4862
0.5904 0.5828 0.5520 0.5646 0.6014 0.5338 0.5102 0.5026
0.5817 0.5824 0.5474 0.5608 0.5810 0.5790 0.5537 0.5235
0.5751 0.5746 0.5503 0.5605 0.5734 0.5363 0.5934 0.5592
0.5710 0.5699 0.5452 0.5622 0.5707 0.5315 0.5606 0.5937
0.5962 0.5620 0.5410 0.5538 0.5814 0.5349 0.5542 0.5718
0.5726 0.5957 0.5474 0.5460 0.5723 0.5480 0.5548 0.5683
0.5466 0.5697 0.5988 0.5365 0.5672 0.5450 0.5642 0.5667
0.5234 0.5350 0.5518 0.5865 0.5595 0.5433 0.5581 0.5704
0.4977 0.5054 0.4999 0.5352 0.5861 0.5349 0.5397 0.5465
0.4922 0.4989 0.4830 0.5008 0.5486 0.5874 0.5402 0.5495
0.4882 0.5092 0.4876 0.5082 0.5257 0.5531 0.5803 0.5548
0.4709 0.4794 0.4606 0.4809 0.5002 0.4999 0.5397 0.5845
