19.5193 17.6176 10.6748 12.7863 13.1177 8.3160 10.6138 10.3777
19.5135 18.7740 11.8785 13.6629 13.7294 8.7628 11.1687 10.9176
19.3420 18.4778 13.1719 15.0547 14.5578 9.3592 11.7734 11.4529
19.3798 18.5123 12.7705 16.6870 15.8631 10.1746 12.4396 12.0396
19.4844 18.4450 12.7607 16.1503 16.9270 11.3232 13.0886 12.5968
19.3230 18.6102 12.7818 16.1397 16.5672 12.3822 14.0488 13.1933
19.1992 18.3845 12.8608 16.2036 16.4643 11.8352 14.8501 14.1750
19.1637 18.2677 12.9595 16.3770 16.3758 11.8923 14.5958 15.0247
19.7056 18.2666 12.9383 16.3493 16.7014 11.9649 14.3835 15.1293
18.8791 19.0707 13.1488 16.1927 16.4105 12.1768 14.2940 14.9057
17.5024 17.9936 13.4914 16.0725 16.2306 12.2178 14.2965 14.8010
16.4754 16.4912 12.4676 16.6799 16.1625 12.3101 14.1361 14.7488
15.8626 15.5609 11.2687 15.4069 16.4533 12.3549 13.9489 14.4507
15.5032 15.1144 10.6174 14.1824 15.3658 12.6026 13.8634 14.3549
15.1978 14.8399 10.2765 13.5715 14.3648 11.5653 14.0865 14.3064
14.9402 14.4887 9.9998 13.1428 13.6023 10.3872 12.9887 14.5287
