0.7315 0.6797 0.5910 0.5958 0.5704 0.5324 0.5097 0.4977
0.7459 0.7357 0.6579 0.6369 0.6018 0.5647 0.5376 0.5309
0.7501 0.7340 0.7143 0.6955 0.6331 0.5839 0.5603 0.5546
0.7525 0.7348 0.6980 0.7438 0.6907 0.6083 0.5784 0.5724
0.7596 0.7418 0.6925 0.7300 0.7377 0.6670 0.6100 0.5908
0.7536 0.7515 0.6888 0.7295 0.7263 0.7329 0.6761 0.6211
0.7539 0.7430 0.6929 0.7269 0.7256 0.7001 0.7257 0.6766
0.7519 0.7457 0.6879 0.7283 0.7295 0.6905 0.7103 0.7256
0.7376 0.7480 0.6958 0.7199 0.7353 0.6845 0.7097 0.7089
0.7024 0.7409 0.7020 0.7193 0.7294 0.6819 0.7001 0.6959
0.6430 0.6776 0.7227 0.7259 0.7299 0.6777 0.7085 0.6978
0.6139 0.6249 0.6627 0.7402 0.7370 0.6933 0.7014 0.7038
0.5966 0.6004 0.6109 0.6826 0.7460 0.7001 0.7017 0.6936
0.5718 0.5813 0.5770 0.6286 0.6925 0.7241 0.7078 0.6979
0.5454 0.5562 0.5549 0.5994 0.6337 0.6580 0.7139 0.6989
0.5277 0.5349 0.5309 0.5765 0.5949 0.5933 0.6419 0.7089
