0.9916 0.8126 0.6832 0.6743 0.6458 0.5774 0.5643 0.5431
0.9225 0.9877 0.7742 0.7341 0.6939 0.6291 0.6119 0.5875
0.9046 0.9336 0.9446 0.8031 0.7293 0.6524 0.6328 0.6136
0.8896 0.9171 0.8642 0.9666 0.8006 0.6849 0.6560 0.6342
0.8976 0.9064 0.8410 0.8903 0.9704 0.7558 0.6909 0.6599
0.8961 0.9053 0.8268 0.8711 0.8992 0.9398 0.7712 0.6981
0.9017 0.8918 0.8328 0.8597 0.8837 0.8504 0.9411 0.7744
0.9183 0.9048 0.8276 0.8607 0.8712 0.8349 0.8669 0.9428
0.9946 0.9205 0.8376 0.8597 0.8745 0.8218 0.8580 0.8737
0.8492 0.9912 0.8331 0.8560 0.8686 0.8007 0.8169 0.8342
0.7539 0.7962 0.9479 0.8859 0.8897 0.8220 0.8507 0.8491
0.7169 0.7372 0.7565 0.9753 0.9041 0.8401 0.8464 0.8555
0.6934 0.7061 0.6940 0.7960 0.9811 0.8526 0.8635 0.8466
0.6647 0.6788 0.6529 0.7212 0.7936 0.9527 0.8795 0.8629
0.6349 0.6498 0.6259 0.6817 0.7205 0.7606 0.9501 0.8755
0.5998 0.6178 0.5926 0.6490 0.6774 0.6789 0.7639 0.9545
