21.9746 16.6931 8.9414 12.3964 13.2517 6.0594 13.6911 14.0918
21.8789 17.4628 8.9286 12.6291 13.4278 5.9979 13.7257 14.1715
21.4904 17.0154 8.8750 12.7471 13.5385 5.9560 13.7189 14.1981
21.1674 16.8675 8.7100 12.6754 13.6964 5.8857 13.8336 14.3377
21.1525 16.5695 8.6740 12.6616 14.1165 6.0275 14.1919 14.8092
21.2964 16.9171 8.5707 12.6803 14.0934 6.0029 14.6002 15.3820
21.6012 16.8395 8.5959 12.4066 13.9156 5.9329 14.6527 15.7412
22.3368 17.1930 8.8465 12.5987 14.0642 6.1238 14.6451 16.4383
22.2426 16.9297 8.7140 12.5244 14.0078 6.0105 14.4748 16.1792
21.9665 16.7053 8.5288 12.4460 13.8653 5.8517 14.2440 15.9391
21.7355 16.4235 8.5168 12.4147 13.8416 5.8341 14.2708 15.8301
21.5931 16.5982 8.4306 12.7007 13.9792 5.8586 14.3571 15.9375
21.4977 16.0688 8.1835 12.1313 13.7073 5.6516 14.1830 15.5507
21.6544 16.0862 8.1919 12.0241 13.4663 5.6233 14.1740 15.5803
22.2988 15.5187 8.1357 12.2749 13.4950 5.6325 14.3261 15.9147
22.3566 15.7923 8.2230 12.2289 13.4942 5.6648 14.5277 16.0831
22.0209 16.1289 8.1414 12.1292 13.3354 5.5574 14.3577 15.7646
21.6086 16.0412 8.1140 12.0753 13.2866 5.5218 14.3121 15.6373
20.7950 15.9341 8.2547 12.1338 13.3966 5.5943 14.2763 15.6648
19.6415 14.8739 8.0484 12.2158 13.3881 5.5270 14.1863 15.5673
18.9127 14.0469 7.9921 11.9934 13.4829 5.5889 14.2494 15.5353
18.6286 13.7932 8.0483 11.9261 13.5514 5.7123 14.5031 15.6917
18.2636 13.7358 8.0528 11.6344 13.2998 5.6850 14.4586 15.6651
17.8286 13.1256 7.9142 11.2661 13.0118 5.5707 14.2435 15.6613
